   200
  -8000.00000       0.00000000       5.00000000    
  -7919.59814       0.00000000       5.00000000    
  -7839.19580       0.00000000       5.00000000    
  -7758.79395       0.00000000       5.00000000    
  -7678.39209       0.00000000       5.00000000    
  -7597.98975       0.00000000       5.00000000    
  -7517.58789       0.00000000       5.00000000    
  -7437.18604       0.00000000       5.00000000    
  -7356.78418       0.00000000       5.00000000    
  -7276.38184       0.00000000       5.00000000    
  -7195.97998       0.00000000       5.00000000    
  -7115.57812       0.00000000       5.00000000    
  -7035.17578       0.00000000       5.00000000    
  -6954.77393       0.00000000       5.00000000    
  -6874.37207       0.00000000       5.00000000    
  -6793.96973       0.00000000       5.00000000    
  -6713.56787       0.00000000       5.00000000    
  -6633.16602       0.00000000       5.00000000    
  -6552.76367       0.00000000       5.00000000    
  -6472.36182       0.00000000       5.00000000    
  -6391.95996       0.00000000       5.00000000    
  -6311.55762       0.00000000       5.00000000    
  -6231.15576       0.00000000       5.00000000    
  -6150.75391       0.00000000       5.00000000    
  -6070.35156       0.00000000       5.00000000    
  -5989.94971       0.00000000       5.00000000    
  -5909.54785       0.00000000       5.00000000    
  -5829.14551       0.00000000       5.00000000    
  -5748.74365       0.00000000       5.00000000    
  -5668.34180       0.00000000       5.00000000    
  -5587.93945       0.00000000       5.00000000    
  -5507.53809       0.00000000       5.00000000    
  -5427.13574       0.00000000       5.00000000    
  -5346.73340       0.00000000       5.00000000    
  -5266.33203       0.00000000       5.00000000    
  -5185.92969       0.00000000       5.00000000    
  -5105.52783       0.00000000       5.00000000    
  -5025.12598       0.00000000       5.00000000    
  -4944.72363       0.00000000       5.00000000    
  -4864.32178       0.00000000       5.00000000    
  -4783.91992       0.00000000       5.00000000    
  -4703.51758       0.00000000       5.00000000    
  -4623.11572       0.00000000       5.00000000    
  -4542.71387       0.00000000       5.00000000    
  -4462.31152       0.00000000       5.00000000    
  -4381.90967       0.00000000       5.00000000    
  -4301.50781       0.00000000       5.00000000    
  -4221.10547       0.00000000       5.00000000    
  -4140.70361       0.00000000       5.00000000    
  -4060.30151       0.00000000       5.00000000    
  -3979.89966       0.00000000       5.00000000    
  -3899.49756       0.00000000       5.00000000    
  -3819.09570       0.00000000       5.00000000    
  -3738.69336       0.00000000       5.00000000    
  -3658.29150       0.00000000       5.00000000    
  -3577.88965       0.00000000       5.00000000    
  -3497.48730       0.00000000       5.00000000    
  -3417.08545       0.00000000       5.00000000    
  -3336.68359       0.00000000       5.00000000    
  -3256.28174       0.00000000       5.00000000    
  -3175.87939       0.00000000       5.00000000    
  -3095.47754       0.00000000       5.00000000    
  -3015.07568       0.00000000       5.00000000    
  -2934.67334       0.00000000       5.00000000    
  -2854.27148       0.00000000       5.00000000    
  -2773.86963       0.00000000       5.00000000    
  -2693.46729       0.00000000       5.00000000    
  -2613.06543       0.00000000       5.00000000    
  -2532.66357       0.00000000       5.00000000    
  -2452.26123       0.00000000       5.00000000    
  -2371.85938       0.00000000       5.00000000    
  -2291.45752       0.00000000       5.00000000    
  -2211.05566       0.00000000       5.00000000    
  -2130.65332       0.00000000       5.00000000    
  -2050.25146       0.00000000       5.00000000    
  -1969.84961       0.00000000       5.00000000    
  -1889.44727       0.00000000       5.00000000    
  -1809.04541       0.00000000       5.00000000    
  -1728.64355       0.00000000       5.00000000    
  -1648.24121       0.00000000       5.00000000    
  -1567.83936       0.00000000       5.00000000    
  -1487.43750       0.00000000       5.00000000    
  -1407.03516       0.00000000       5.00000000    
  -1326.63330       0.00000000       5.00000000    
  -1246.23145       0.00000000       5.00000000    
  -1165.82910       0.00000000       5.00000000    
  -1085.42725       0.00000000       5.00000000    
  -1005.02539       0.00000000       5.00000000    
  -924.623047       0.00000000       5.00000000    
  -844.221191       0.00000000       5.00000000    
  -763.819336       0.00000000       5.00000000    
  -683.417480       0.00000000       5.00000000    
  -603.015137       0.00000000       5.00000000    
  -522.613281       0.00000000       5.00000000    
  -442.211426       0.00000000       5.00000000    
  -361.809082       0.00000000       5.00000000    
  -281.407227       0.00000000       5.00000000    
  -201.005371       0.00000000       5.00000000    
  -120.603027       0.00000000       5.00000000    
  -40.2011719       0.00000000       5.00000000    
   40.2006836       0.00000000       5.00000000    
   120.603027       0.00000000       5.00000000    
   201.004883       0.00000000       5.00000000    
   281.407227       0.00000000       5.00000000    
   361.808594       0.00000000       5.00000000    
   442.210938       0.00000000       5.00000000    
   522.613281       0.00000000       5.00000000    
   603.014648       0.00000000       5.00000000    
   683.416992       0.00000000       5.00000000    
   763.819336       0.00000000       5.00000000    
   844.220703       0.00000000       5.00000000    
   924.623047       0.00000000       5.00000000    
   1005.02539       0.00000000       5.00000000    
   1085.42676       0.00000000       5.00000000    
   1165.82910       0.00000000       5.00000000    
   1246.23047       0.00000000       5.00000000    
   1326.63281       0.00000000       5.00000000    
   1407.03516       0.00000000       5.00000000    
   1487.43652       0.00000000       5.00000000    
   1567.83887       0.00000000       5.00000000    
   1648.24121       0.00000000       5.00000000    
   1728.64258       0.00000000       5.00000000    
   1809.04492       0.00000000       5.00000000    
   1889.44727       0.00000000       5.00000000    
   1969.84863       0.00000000       5.00000000    
   2050.25098       0.00000000       5.00000000    
   2130.65332       0.00000000       5.00000000    
   2211.05469       0.00000000       5.00000000    
   2291.45703       0.00000000       5.00000000    
   2371.85938       0.00000000       5.00000000    
   2452.26074       0.00000000       5.00000000    
   2532.66309       0.00000000       5.00000000    
   2613.06543       0.00000000       5.00000000    
   2693.46680       0.00000000       5.00000000    
   2773.86914       0.00000000       5.00000000    
   2854.27148       0.00000000       5.00000000    
   2934.67285       0.00000000       5.00000000    
   3015.07520       0.00000000       5.00000000    
   3095.47754       0.00000000       5.00000000    
   3175.87891       0.00000000       5.00000000    
   3256.28125       0.00000000       5.00000000    
   3336.68359       0.00000000       5.00000000    
   3417.08496       0.00000000       5.00000000    
   3497.48730       0.00000000       5.00000000    
   3577.88867       0.00000000       5.00000000    
   3658.29102       0.00000000       5.00000000    
   3738.69336       0.00000000       5.00000000    
   3819.09473       0.00000000       5.00000000    
   3899.49707       0.00000000       5.00000000    
   3979.89941       0.00000000       5.00000000    
   4060.30078       0.00000000       5.00000000    
   4140.70312       0.00000000       5.00000000    
   4221.10547       0.00000000       5.00000000    
   4301.50684       0.00000000       5.00000000    
   4381.90918       0.00000000       5.00000000    
   4462.31152       0.00000000       5.00000000    
   4542.71289       0.00000000       5.00000000    
   4623.11523       0.00000000       5.00000000    
   4703.51758       0.00000000       5.00000000    
   4783.91895       0.00000000       5.00000000    
   4864.32129       0.00000000       5.00000000    
   4944.72363       0.00000000       5.00000000    
   5025.12500       0.00000000       5.00000000    
   5105.52734       0.00000000       5.00000000    
   5185.92969       0.00000000       5.00000000    
   5266.33105       0.00000000       5.00000000    
   5346.73340       0.00000000       5.00000000    
   5427.13574       0.00000000       5.00000000    
   5507.53711       0.00000000       5.00000000    
   5587.93945       0.00000000       5.00000000    
   5668.34180       0.00000000       5.00000000    
   5748.74316       0.00000000       5.00000000    
   5829.14551       0.00000000       5.00000000    
   5909.54785       0.00000000       5.00000000    
   5989.94922       0.00000000       5.00000000    
   6070.35156       0.00000000       5.00000000    
   6150.75391       0.00000000       5.00000000    
   6231.15527       0.00000000       5.00000000    
   6311.55762       0.00000000       5.00000000    
   6391.95898       0.00000000       5.00000000    
   6472.36133       0.00000000       5.00000000    
   6552.76367       0.00000000       5.00000000    
   6633.16504       0.00000000       5.00000000    
   6713.56738       0.00000000       5.00000000    
   6793.96973       0.00000000       5.00000000    
   6874.37109       0.00000000       5.00000000    
   6954.77344       0.00000000       5.00000000    
   7035.17578       0.00000000       5.00000000    
   7115.57715       0.00000000       5.00000000    
   7195.97949       0.00000000       5.00000000    
   7276.38184       0.00000000       5.00000000    
   7356.78320       0.00000000       5.00000000    
   7437.18555       0.00000000       5.00000000    
   7517.58789       0.00000000       5.00000000    
   7597.98926       0.00000000       5.00000000    
   7678.39160       0.00000000       5.00000000    
   7758.79395       0.00000000       5.00000000    
   7839.19531       0.00000000       5.00000000    
   7919.59766       0.00000000       5.00000000    
   8000.00000       0.00000000       5.00000000    
