  -0.3366272877E-012    -0.3520422037E-011    -0.4959863604E-013     0.5196826233E-013
   0.6033880280E-012    -0.4334898939E-011    -0.6851241503E-013     0.4671718639E-013
   0.1797060329E-011    -0.4989767745E-011    -0.8794477133E-013     0.3646041673E-013
   0.3289182833E-011    -0.5397192364E-011    -0.8597340592E-013     0.1410794078E-013
   0.5293793212E-011    -0.5375817653E-011    -0.1536870173E-012    -0.2298256610E-013
   0.7595133180E-011    -0.4751720179E-011    -0.1609723690E-012    -0.6484818789E-013
   0.1035149547E-010    -0.3121420450E-011    -0.1695066195E-012    -0.1255836164E-012
   0.1311762153E-010    -0.5564537312E-012    -0.1693600593E-012    -0.1976359312E-012
   0.1549836438E-010     0.3021584653E-011    -0.1376376649E-012    -0.2768138419E-012
   0.1753283454E-010     0.8840416280E-011    -0.7964009954E-013    -0.3661133733E-012
   0.1806772398E-010     0.1675904139E-010     0.2930161657E-013    -0.5109839166E-012
   0.1648735277E-010     0.2625489143E-010     0.1789919486E-012    -0.6695827931E-012
   0.1233077871E-010     0.3688643460E-010     0.3791041543E-012    -0.7539870748E-012
   0.5242073505E-011     0.4803798820E-010     0.5399733698E-012    -0.6813838204E-012
  -0.6760700431E-011     0.5961622956E-010     0.1012237945E-011    -0.7296007060E-012
  -0.2457427119E-010     0.6985690265E-010     0.1206777274E-011    -0.5063988899E-012
  -0.5004455842E-010     0.7765327623E-010     0.2017220701E-011    -0.4261949634E-012
  -0.8310686433E-010     0.8209393258E-010     0.1937842459E-011    -0.6692825170E-013
  -0.1213817813E-009     0.7790951506E-010     0.2295620078E-011     0.4964185291E-012
  -0.1635226063E-009     0.6254552168E-010     0.2390254388E-011     0.1168842861E-011
  -0.2069259926E-009     0.3404775748E-010     0.2744990956E-011     0.2372842789E-011
  -0.2509086106E-009    -0.1786390922E-010     0.2626730385E-011     0.3937039357E-011
  -0.2842094031E-009    -0.9430094361E-010     0.1839887435E-011     0.5961733663E-011
  -0.3076988586E-009    -0.1954225591E-009     0.8798360437E-012     0.6120822279E-011
  -0.3094244272E-009    -0.2973708133E-009    -0.1062716760E-011     0.7557854029E-011
  -0.2716456778E-009    -0.4363743801E-009    -0.3499215305E-011     0.9864108908E-011
  -0.2029475790E-009    -0.5731353575E-009    -0.5852865681E-011     0.8382408753E-011
  -0.6662924073E-010    -0.7298973578E-009    -0.9301756335E-011     0.8427611421E-011
   0.1221351606E-009    -0.8602116841E-009    -0.1324980950E-010     0.7371646413E-011
   0.3771962451E-009    -0.9672895008E-009    -0.1504452519E-010     0.4728010550E-011
   0.6877656956E-009    -0.1026165753E-008    -0.1954037011E-010     0.1580789790E-011
   0.1050239381E-008    -0.9976920089E-009    -0.2213195648E-010    -0.5497877068E-011
   0.1485009284E-008    -0.7615558072E-009    -0.2587942197E-010    -0.1891537367E-010
   0.2010091580E-008    -0.3047534384E-009    -0.2424635186E-010    -0.2528338104E-010
   0.2472862172E-008     0.2607722847E-009    -0.2502061482E-010    -0.3680693064E-010
   0.2886428176E-008     0.1107739376E-008    -0.2130145953E-010    -0.5402153729E-010
   0.3108482243E-008     0.2032181535E-008    -0.9239040962E-011    -0.6325144095E-010
   0.3141815878E-008     0.3247097987E-008     0.5227765830E-011    -0.8831132914E-010
   0.2900386833E-008     0.4696977549E-008     0.2627231879E-010    -0.9989883535E-010
   0.2263620370E-008     0.6162954883E-008     0.6040624492E-010    -0.8937137226E-010
   0.7282592906E-009     0.7758583139E-008     0.9875137012E-010    -0.7134283157E-010
  -0.1373700340E-008     0.8775712568E-008     0.1796512862E-009    -0.6148183746E-010
  -0.4546642785E-008     0.9462281188E-008     0.2640890463E-009    -0.2325153891E-010
  -0.8733643283E-008     0.9369325641E-008     0.2947048296E-009     0.4253148549E-010
  -0.1352729055E-007     0.8072081102E-008     0.2613288513E-009     0.1137043338E-009
  -0.1835271266E-007     0.5019317165E-008     0.2737356837E-009     0.2297915544E-009
  -0.2272790754E-007     0.1346793363E-009     0.2161515086E-009     0.3034323723E-009
  -0.2692047382E-007    -0.8447876140E-008     0.1877163623E-009     0.5260664653E-009
  -0.2887268341E-007    -0.1885408019E-007     0.1674665677E-010     0.7175062453E-009
  -0.2618737890E-007    -0.3270418410E-007    -0.2748015101E-009     0.7903537171E-009
  -0.1708170545E-007    -0.4969885557E-007    -0.5546868961E-009     0.7865516347E-009
  -0.3159054606E-008    -0.6539085328E-007    -0.1207051982E-008     0.1091512353E-008
   0.1946034435E-007    -0.8051034492E-007    -0.1309301663E-008     0.5583756877E-009
   0.5015026978E-007    -0.8652465073E-007    -0.2374968497E-008     0.8994569291E-010
   0.9404184749E-007    -0.8131340016E-007    -0.3358839159E-008    -0.7906060006E-009
   0.1446176554E-006    -0.6185381883E-007    -0.3384847491E-008    -0.1735037915E-008
   0.2020218826E-006    -0.2144607446E-007    -0.3873908100E-008    -0.3454597437E-008
   0.2698738942E-006     0.5130732246E-007    -0.4385156584E-008    -0.5902154920E-008
   0.3361471261E-006     0.1607213910E-006    -0.3845512779E-008    -0.7996002865E-008
   0.3930694467E-006     0.3215339278E-006    -0.3166375723E-008    -0.1258090291E-007
   0.4251863301E-006     0.5363953707E-006    -0.5383746544E-009    -0.1381602690E-007
   0.4013936233E-006     0.7942007242E-006     0.3628518332E-008    -0.1593656118E-007
   0.2863061432E-006     0.1098847259E-005     0.9225506811E-008    -0.1832343847E-007
   0.4392401438E-007     0.1421446235E-005     0.2379235562E-007    -0.2300566984E-007
  -0.4013501674E-006     0.1757734699E-005     0.3188412941E-007    -0.1810866022E-007
  -0.1126061119E-005     0.2035370720E-005     0.5349158417E-007    -0.1410642637E-007
  -0.2184578142E-005     0.2212765219E-005     0.7303704817E-007    -0.6492910397E-008
  -0.3491989297E-005     0.2173573514E-005     0.1011146691E-006     0.1368562397E-007
  -0.5044667565E-005     0.1810890812E-005     0.9697017349E-007     0.3480262880E-007
  -0.6875999923E-005     0.8762772069E-006     0.1130755273E-006     0.7883942097E-007
  -0.9153003093E-005    -0.1245640187E-005     0.1338288426E-006     0.1495546710E-006
  -0.1131529116E-004    -0.4519581764E-005     0.1292177491E-006     0.2456590550E-006
  -0.1339509313E-004    -0.9683340037E-005     0.1252177042E-006     0.3975046509E-006
  -0.1467621357E-004    -0.1650514671E-004     0.3997053572E-007     0.5315176298E-006
  -0.1444805014E-004    -0.2658026240E-004    -0.8146352949E-007     0.6196211321E-006
  -0.1086604168E-004    -0.4053823751E-004    -0.2844624135E-006     0.8577094805E-006
  -0.3471771156E-005    -0.5647979231E-004    -0.7119653328E-006     0.1248673361E-005
   0.1040748673E-004    -0.7703542931E-004    -0.9742081167E-006     0.1262489156E-005
   0.3600832105E-004    -0.1036707059E-003    -0.2201985775E-005     0.1902243235E-005
   0.6908223811E-004    -0.1276655504E-003    -0.2127028701E-005     0.1255578199E-005
   0.1199748740E-003    -0.1495598915E-003    -0.3817234352E-005     0.1254886856E-005
   0.2012135179E-003    -0.1661733265E-003    -0.6101866824E-005     0.6815322862E-006
   0.3099659433E-003    -0.1661416802E-003    -0.7402589282E-005    -0.6865684890E-006
   0.4822680504E-003    -0.1347798762E-003    -0.1117376053E-004    -0.2804811490E-005
   0.6894755527E-003    -0.6242461332E-004    -0.1723130403E-004    -0.7835636144E-005
   0.9642559105E-003     0.8750734180E-004    -0.1884371315E-004    -0.1249303957E-004
   0.1290265977E-002     0.3492002946E-003    -0.2204052296E-004    -0.2052215814E-004
   0.1720659091E-002     0.8066305082E-003    -0.2433293643E-004    -0.2882482591E-004
   0.2235133882E-002     0.1505584265E-002    -0.3490014530E-004    -0.5337734495E-004
   0.2773053734E-002     0.2480601074E-002    -0.3164297372E-004    -0.6612503572E-004
   0.3452118172E-002     0.4105125313E-002    -0.3334805527E-004    -0.9574295856E-004
   0.4075473959E-002     0.6259824124E-002    -0.4177099564E-004    -0.1712809804E-003
   0.4675998873E-002     0.8959145980E-002    -0.3086900347E-004    -0.1513106188E-003
   0.5310578198E-002     0.1229117826E-001    -0.2486364911E-004    -0.1574685117E-003
   0.5820337599E-002     0.1529602573E-001    -0.2977572726E-004    -0.1644276948E-003
   0.6482654514E-002     0.1863833623E-001    -0.3493086917E-004    -0.1692971762E-003
   0.6954338807E-002     0.2158155603E-001    -0.2717321810E-004    -0.1659443061E-003
   0.7315299239E-002     0.2376727605E-001    -0.1981862423E-004    -0.1278087486E-003
   0.7598871856E-002     0.2523561059E-001    -0.2119388592E-004    -0.6131329316E-004
   0.7971233324E-002     0.2586673238E-001    -0.2088607298E-004    -0.1548177818E-004
   0.8142366300E-002     0.2578193685E-001     0.5535619176E-005     0.2459172266E-004
   0.7841861876E-002     0.2507088767E-001     0.2686870775E-004     0.6566443575E-004
   0.7433784681E-002     0.2357967174E-001     0.4184231633E-004     0.1234457731E-003
   0.6778859293E-002     0.2136048946E-001     0.3349246210E-004     0.1421172066E-003
   0.6243298636E-002     0.1863407514E-001     0.2595265883E-004     0.1651181663E-003
   0.5880348804E-002     0.1512246146E-001     0.2559425717E-004     0.1901999832E-003
   0.5405727518E-002     0.1199655245E-001     0.2672928755E-004     0.1525203915E-003
   0.4766745964E-002     0.9016791134E-002     0.4183842939E-004     0.1670944715E-003
   0.4092542846E-002     0.6586906758E-002     0.4595916635E-004     0.1447542914E-003
   0.3292447957E-002     0.4214638605E-002     0.4457167649E-004     0.1260735872E-003
   0.2639300875E-002     0.2497530545E-002     0.4048920317E-004     0.9321607129E-004
   0.2095698006E-002     0.1440431664E-002     0.3179303519E-004     0.5133654709E-004
   0.1636701007E-002     0.7867979328E-003     0.2118188037E-004     0.2584028651E-004
   0.1277103015E-002     0.3976423287E-003     0.1772075994E-004     0.1652868956E-004
   0.9771278600E-003     0.1536152133E-003     0.1946944648E-004     0.1411093669E-004
   0.7290147335E-003    -0.4048693601E-006     0.1483757774E-004     0.7324301094E-005
   0.5296637798E-003    -0.8023479823E-004     0.1121110866E-004     0.3607776500E-005
   0.3510806507E-003    -0.1279516680E-003     0.8038824685E-005     0.1596801072E-005
   0.2330431915E-003    -0.1434724179E-003     0.6271318775E-005     0.2003955553E-006
   0.1452011866E-003    -0.1397487195E-003     0.4451341424E-005    -0.5366332865E-006
   0.8456569456E-004    -0.1276575794E-003     0.2546414216E-005    -0.8832561964E-006
   0.4266019672E-004    -0.1083066082E-003     0.3009585928E-005    -0.1685945322E-005
   0.9427692341E-005    -0.8622006545E-004     0.1147536092E-005    -0.1002049439E-005
  -0.7362415988E-005    -0.6659963271E-004     0.9130461323E-006    -0.1403172761E-005
  -0.1696410513E-004    -0.4703996912E-004     0.3595650416E-006    -0.1021281677E-005
  -0.2061342688E-004    -0.3077423298E-004     0.5613136599E-007    -0.6321526123E-006
  -0.2051922487E-004    -0.1875937113E-004    -0.7043587347E-007    -0.6506682814E-006
  -0.1862274062E-004    -0.1043921067E-004    -0.1707612843E-006    -0.4406559141E-006
  -0.1572062593E-004    -0.4832195138E-005    -0.1847118296E-006    -0.2591808492E-006
  -0.1242667074E-004    -0.1194355216E-005    -0.2058809705E-006    -0.1708394158E-006
  -0.9059134507E-005     0.1255561667E-005    -0.1538349991E-006    -0.8812484487E-007
  -0.6365932959E-005     0.2462666190E-005    -0.1524987796E-006    -0.5356200675E-007
  -0.4307700544E-005     0.2974419416E-005    -0.1211430049E-006    -0.1605345005E-007
  -0.2760033517E-005     0.3002278352E-005    -0.8022171270E-007     0.1086412786E-007
  -0.1612975632E-005     0.2720956562E-005    -0.5626140338E-007     0.2082055835E-007
  -0.8193353268E-006     0.2302646177E-005    -0.3627026669E-007     0.2442126288E-007
  -0.2120666467E-006     0.1829346238E-005    -0.3175298908E-007     0.3100615111E-007
   0.1661328304E-006     0.1383394384E-005    -0.1878916715E-007     0.2776104095E-007
   0.3659730549E-006     0.9742175257E-006    -0.7683843197E-008     0.2252127749E-007
   0.4259649107E-006     0.6599034164E-006    -0.1304408137E-008     0.1715653691E-007
   0.4223197769E-006     0.3986373100E-006     0.1768448560E-008     0.1477773613E-007
   0.3803964454E-006     0.2058983761E-006     0.3462209152E-008     0.1009583563E-007
   0.3110167761E-006     0.7483509518E-007     0.5366971732E-008     0.7290286267E-008
   0.2295346791E-006    -0.2393433824E-007     0.4296392250E-008     0.4474439526E-008
   0.1641076273E-006    -0.7858476244E-007     0.4100595963E-008     0.2472756519E-008
   0.1110111721E-006    -0.1000971933E-006     0.3077580676E-008     0.3831317945E-009
   0.6988442918E-007    -0.9912391063E-007     0.2992247230E-008    -0.5412133664E-009
   0.2391777672E-007    -0.8751883863E-007     0.1792031540E-008    -0.7045932992E-009
  -0.2136527122E-008    -0.7318634830E-007     0.1506408006E-008    -0.1024042029E-008
  -0.2082242363E-007    -0.5819786413E-007     0.7622338859E-009    -0.7256114312E-009
  -0.3243873928E-007    -0.4327410908E-007     0.3870747049E-009    -0.7649320913E-009
  -0.3518463577E-007    -0.3021030746E-007    -0.1916828215E-010    -0.7289107319E-009
  -0.3332286727E-007    -0.1883235752E-007    -0.1773837901E-009    -0.5926589470E-009
  -0.2941323929E-007    -0.9385941618E-008    -0.2052899569E-009    -0.3513540047E-009
  -0.2484621786E-007    -0.2948706716E-008    -0.3184488535E-009    -0.3446420183E-009
  -0.1948046437E-007     0.1749101446E-008    -0.2681189215E-009    -0.1909509587E-009
  -0.1432668183E-007     0.4696831108E-008    -0.3346939487E-009    -0.1623977534E-009
  -0.1003442776E-007     0.6237626853E-008    -0.2772066025E-009    -0.6487858525E-010
  -0.6443750308E-008     0.6559276756E-008    -0.2065182439E-009     0.4063177540E-011
  -0.3747280007E-008     0.6288350790E-008    -0.1419489011E-009     0.3160823314E-010
  -0.1647026185E-008     0.5606556170E-008    -0.1042013406E-009     0.5186495883E-010
  -0.2868953955E-009     0.4737090685E-008    -0.6768573847E-010     0.5711822442E-010
   0.5973643509E-009     0.3791606849E-008    -0.4950201733E-010     0.6886522211E-010
   0.1216818374E-008     0.2760608370E-008    -0.2759241755E-010     0.6091557725E-010
   0.1541712156E-008     0.1838385244E-008    -0.9701712666E-011     0.4424602865E-010
   0.1593581770E-008     0.1154905652E-008     0.2333063187E-011     0.2762766258E-010
   0.1486981672E-008     0.6223934698E-009     0.7706972299E-011     0.2428613128E-010
   0.1284496906E-008     0.1943047977E-009     0.1353448703E-010     0.2095625670E-010
   0.1045512427E-008    -0.8724834784E-010     0.1377961273E-010     0.1294962597E-010
   0.8068681534E-009    -0.2631524982E-009     0.1422025873E-010     0.7937462141E-011
   0.5938760006E-009    -0.3541453900E-009     0.1223326036E-010     0.3583581747E-011
   0.4038157100E-009    -0.3871271708E-009     0.1086756242E-010     0.2933285135E-012
   0.2429808054E-009    -0.3745344946E-009     0.7398257062E-011    -0.1527694978E-011
   0.1245647074E-009    -0.3352128774E-009     0.6103477360E-011    -0.2954268556E-011
   0.4533816245E-010    -0.2841577790E-009     0.4537219491E-011    -0.3797019966E-011
  -0.1360852131E-010    -0.2235026009E-009     0.3572259638E-011    -0.4405104157E-011
  -0.5255953754E-010    -0.1641148447E-009     0.1526612193E-011    -0.3233508381E-011
  -0.7019781270E-010    -0.1141480805E-009     0.4276139336E-012    -0.2336578830E-011
  -0.7461627615E-010    -0.7484822456E-010     0.1601865919E-013    -0.2074673444E-011
  -0.7167172516E-010    -0.4328295777E-010    -0.4022443245E-012    -0.1977539019E-011
  -0.6392272991E-010    -0.1823283070E-010    -0.4886317958E-012    -0.1076208032E-011
  -0.5420548159E-010    -0.1601733735E-011    -0.6161530043E-012    -0.7826573334E-012
  -0.4266326863E-010     0.9724209890E-011    -0.6831879279E-012    -0.4706606680E-012
  -0.3034103995E-010     0.1635679638E-010    -0.7315331328E-012    -0.2964849432E-012
  -0.2105211858E-010     0.1881185254E-010    -0.4949227582E-012    -0.4604532688E-013
  -0.1352214762E-010     0.1843183944E-010    -0.3823133993E-012     0.7629874880E-013
  -0.6826145095E-011     0.1624510674E-010    -0.3392531883E-012     0.1558734667E-012
  -0.1991942031E-011     0.1340608619E-010    -0.3005917413E-012     0.2248102355E-012
   0.1776720063E-011     0.1015854068E-010    -0.1641703761E-012     0.1768127357E-012
   0.3805758875E-011     0.7344630674E-011    -0.7597321393E-013     0.1536484945E-012
   0.4862823814E-011     0.4202716194E-011    -0.4350745026E-013     0.1789879992E-012
   0.5110358626E-011     0.1964730020E-011     0.6902680423E-014     0.1122957872E-012
   0.4728537184E-011     0.4954705730E-012     0.3812510949E-013     0.8140638434E-013
   0.3999799802E-011    -0.5959754631E-012     0.5322894974E-013     0.5763389185E-013
   0.3073591706E-011    -0.1380352280E-011     0.5868173862E-013     0.3714252662E-013
   0.2235257606E-011    -0.1776749649E-011     0.4119547282E-013     0.1323040373E-013
   0.1464914660E-011    -0.1921144665E-011     0.3119030351E-013     0.1133965086E-014
   0.9025311356E-012    -0.1872558617E-011     0.3651821233E-013    -0.8045335256E-014
   0.3978498414E-012    -0.1696371654E-011     0.2388543406E-013    -0.1202322565E-013
  -0.1368123604E-013    -0.1430461913E-011     0.2305533046E-013    -0.1728162244E-013
