   0.1674585284E-013     0.1761209916E-012
  -0.3010241669E-013     0.2167135995E-012
  -0.8984234251E-013     0.2494958884E-012
  -0.1644429675E-012     0.2698695296E-012
  -0.2646783871E-012     0.2688052541E-012
  -0.3797346746E-012     0.2376077007E-012
  -0.5172709324E-012     0.1563252246E-012
  -0.6560028462E-012     0.2770021771E-013
  -0.7749382776E-012    -0.1510531840E-012
  -0.8768007180E-012    -0.4426001333E-012
  -0.9034925745E-012    -0.8369811119E-012
  -0.8244864694E-012    -0.1312496282E-011
  -0.6167835342E-012    -0.1844019203E-011
  -0.2613678723E-012    -0.2403028870E-011
   0.3357852002E-012    -0.2979355506E-011
   0.1228710059E-011    -0.3493019988E-011
   0.2501893889E-011    -0.3882792746E-011
   0.4155532205E-011    -0.4104884677E-011
   0.6068903739E-011    -0.3895972752E-011
   0.8174712684E-011    -0.3128352309E-011
   0.1034635943E-010    -0.1702869668E-011
   0.1254478118E-010     0.8916452686E-012
   0.1421449467E-010     0.4725940836E-011
   0.1538411269E-010     0.9759174601E-011
   0.1547126898E-010     0.1487053242E-010
   0.1358705970E-010     0.2180957593E-010
   0.1013677869E-010     0.2867371112E-010
   0.3358692608E-011     0.3647261192E-010
  -0.6102320983E-011     0.4300981871E-010
  -0.1888345487E-010     0.4837327802E-010
  -0.3441790812E-010     0.5131342345E-010
  -0.5249570872E-010     0.4988980754E-010
  -0.7424347619E-010     0.3808350407E-010
  -0.1005038854E-009     0.1524348907E-010
  -0.1236534432E-009    -0.1304250554E-010
  -0.1443315690E-009    -0.5538859582E-010
  -0.1554137760E-009    -0.1014838023E-009
  -0.1570990626E-009    -0.1624033361E-009
  -0.1450288695E-009    -0.2348503328E-009
  -0.1130905788E-009    -0.3082961884E-009
  -0.3661194664E-010    -0.3877960000E-009
   0.6864419727E-010    -0.4387756921E-009
   0.2272131685E-009    -0.4731168322E-009
   0.4372072290E-009    -0.4684063791E-009
   0.6766976745E-009    -0.4034649795E-009
   0.9176832107E-009    -0.2509556821E-009
   0.1136385849E-008    -0.6815056382E-011
   0.1346047875E-008     0.4223853321E-009
   0.1443637061E-008     0.9422282777E-009
   0.1309492236E-008     0.1634868708E-008
   0.8541978198E-009     0.2484943601E-008
   0.1583568072E-009     0.3269349457E-008
  -0.9742145775E-009     0.4026023850E-008
  -0.2503189652E-008     0.4326140380E-008
  -0.4702153421E-008     0.4065857471E-008
  -0.7231937641E-008     0.3092253754E-008
  -0.1010772701E-007     0.1066923839E-008
  -0.1348470364E-007    -0.2552056513E-008
  -0.1680777252E-007    -0.8034808491E-008
  -0.1966281655E-007    -0.1611127678E-007
  -0.2126085624E-007    -0.2682525098E-007
  -0.2007331103E-007    -0.3970422773E-007
  -0.1432334151E-007    -0.5493234512E-007
  -0.2200059204E-008    -0.7107258604E-007
   0.2007624760E-007    -0.8789315738E-007
   0.5633259549E-007    -0.1017814779E-006
   0.1090960737E-006    -0.1106341929E-006
   0.1746641029E-006    -0.1086768947E-006
   0.2522411895E-006    -0.9055702875E-007
   0.3440077704E-006    -0.4368568067E-007
   0.4573837784E-006     0.6195667624E-007
   0.5657601931E-006     0.2259057618E-006
   0.6697011574E-006     0.4838985745E-006
   0.7339402584E-006     0.8262193833E-006
   0.7223555935E-006     0.1330036935E-005
   0.5434341728E-006     0.2026896520E-005
   0.1737826600E-006     0.2823936518E-005
  -0.5201351443E-006     0.3851938332E-005
  -0.1800110191E-005     0.5183853660E-005
  -0.3452505011E-005     0.6382840991E-005
  -0.5988044665E-005     0.7474960467E-005
  -0.1005978052E-004     0.8309243072E-005
  -0.1551163646E-004     0.8306939059E-005
  -0.2409447312E-004     0.6745595909E-005
  -0.3447986865E-004     0.3120422855E-005
  -0.4820720259E-004    -0.4368165970E-005
  -0.6455697132E-004    -0.1749426521E-004
  -0.8600599213E-004    -0.4028822511E-004
  -0.1117670392E-003    -0.7527599354E-004
  -0.1387352372E-003    -0.1241671532E-003
  -0.1726386414E-003    -0.2052806572E-003
  -0.2038160798E-003    -0.3130062728E-003
  -0.2338449757E-003    -0.4479065685E-003
  -0.2655665434E-003    -0.6145470236E-003
  -0.2911213280E-003    -0.7648094217E-003
  -0.3241684638E-003    -0.9315515807E-003
  -0.3477692935E-003    -0.1078677490E-002
  -0.3658893104E-003    -0.1188387027E-002
  -0.3800823774E-003    -0.1261755843E-002
  -0.3987272598E-003    -0.1293314542E-002
  -0.4072508028E-003    -0.1289089507E-002
  -0.3922183820E-003    -0.1253505156E-002
  -0.3718182735E-003    -0.1179019665E-002
  -0.3389932936E-003    -0.1067729315E-002
  -0.3122417540E-003    -0.9314090926E-003
  -0.2941288290E-003    -0.7561506158E-003
  -0.2703231711E-003    -0.5998153180E-003
  -0.2383876592E-003    -0.4508195636E-003
  -0.2046803549E-003    -0.3293852348E-003
  -0.1646688191E-003    -0.2107897922E-003
  -0.1320870179E-003    -0.1251259900E-003
  -0.1047954828E-003    -0.7201995272E-004
  -0.8181284827E-004    -0.3930194802E-004
  -0.6389065757E-004    -0.1990824354E-004
  -0.4886281105E-004    -0.7681277206E-005
  -0.3645350138E-004     0.2127589612E-007
  -0.2646428225E-004     0.4020062722E-005
  -0.1756873355E-004     0.6396015081E-005
  -0.1165125348E-004     0.7174347943E-005
  -0.7247513970E-005     0.6986488314E-005
  -0.4226455585E-005     0.6382637445E-005
  -0.2132696036E-005     0.5415633034E-005
  -0.4711977780E-006     0.4311071627E-005
   0.3683521915E-006     0.3329911551E-005
   0.8481967444E-006     0.2352353235E-005
   0.1030726681E-005     0.1539489852E-005
   0.1026143613E-005     0.9390420968E-006
   0.9310586612E-006     0.5216739843E-006
   0.7860182034E-006     0.2415182052E-006
   0.6209199240E-006     0.5933485782E-007
   0.4532365837E-006    -0.6264728909E-007
   0.3183171976E-006    -0.1231480709E-006
   0.2154559625E-006    -0.1487211906E-006
   0.1378557000E-006    -0.1501037115E-006
   0.8068657881E-007    -0.1360721652E-006
   0.4096043483E-007    -0.1151364800E-006
   0.1059838387E-007    -0.9146849536E-007
  -0.8310074002E-008    -0.6916954705E-007
  -0.1830379616E-007    -0.4870098831E-007
  -0.2129975175E-007    -0.3300233662E-007
  -0.2112145263E-007    -0.1997254902E-007
  -0.1902002975E-007    -0.1029329987E-007
  -0.1554048003E-007    -0.3726261855E-008
  -0.1148414399E-007     0.1189639432E-008
  -0.8205678804E-008     0.3928947073E-008
  -0.5550564233E-008     0.5005080353E-008
  -0.3487443805E-008     0.4955248787E-008
  -0.1200309048E-008     0.4377924011E-008
   0.1072028471E-009     0.3659188457E-008
   0.1041245526E-008     0.2909878767E-008
   0.1621880498E-008     0.2163446769E-008
   0.1759304840E-008     0.1509964338E-008
   0.1666230471E-008     0.9416276512E-009
   0.1470681482E-008     0.4691938172E-009
   0.1242333136E-008     0.1473405496E-009
   0.9745640098E-009    -0.8715499433E-010
   0.7170172502E-009    -0.2345544040E-009
   0.5016055299E-009    -0.3119347088E-009
   0.3221236193E-009    -0.3279859049E-009
   0.1870984959E-009    -0.3143742598E-009
   0.8254614858E-010    -0.2804400727E-009
   0.1434258143E-010    -0.2368631556E-009
  -0.2984939981E-010    -0.1896227725E-009
  -0.6090145436E-010    -0.1379093495E-009
  -0.7708376230E-010    -0.9194927298E-010
  -0.7968209034E-010    -0.5772395443E-010
  -0.7435102811E-010    -0.3111542169E-010
  -0.6422547832E-010    -0.9712876160E-011
  -0.5227371260E-010     0.4367741999E-011
  -0.4036770341E-010     0.1314640925E-010
  -0.2971509885E-010     0.1770168215E-010
  -0.2018895209E-010     0.1935775580E-010
  -0.1213964883E-010     0.1872567430E-010
  -0.6238393626E-011     0.1676644863E-010
  -0.2265433132E-011     0.1420751218E-010
   0.6809452243E-012     0.1117542862E-010
   0.2631119841E-011     0.8200079737E-011
   0.3509655384E-011     0.5711273612E-011
   0.3731074223E-011     0.3741963808E-011
   0.3583740092E-011     0.2164048908E-011
   0.3195966220E-011     0.9110260724E-012
   0.2710322744E-011     0.7990267566E-013
   0.2133220480E-011    -0.4862111813E-012
   0.1516966239E-011    -0.8179457568E-012
   0.1052527582E-011    -0.9406476783E-012
   0.6753175987E-012    -0.9214879630E-012
   0.3418228323E-012    -0.8125440137E-012
   0.9940871978E-013    -0.6701922834E-012
  -0.8889218053E-013    -0.5078878197E-012
  -0.1904441362E-012    -0.3669341233E-012
  -0.2430553680E-012    -0.2105121697E-012
  -0.2555194867E-012    -0.9822816013E-013
  -0.2364546512E-012    -0.2482827295E-013
  -0.1998918266E-012     0.2991290385E-013
  -0.1536931241E-012     0.6901322971E-013
  -0.1117632504E-012     0.8884029615E-013
  -0.7323997622E-013     0.9606164136E-013
  -0.4512362914E-013     0.9363070992E-013
  -0.1987067367E-013     0.8481216581E-013
   0.6396649726E-015     0.7155983375E-013
