           1
           5
           9
          13
          16
          23
          30
          37
          44
          49
          54
          59
          64
          69
          74
          79
          84
          89
          94
          99
         104
         109
         114
         119
         124
         129
         134
         139
         144
         149
         154
         159
         164
         169
         174
         179
         184
         189
         194
         199
         204
         209
         214
         219
         224
         229
         234
         239
         244
         249
         254
         259
         264
         269
         274
         279
         284
         289
         294
         299
         304
         309
         314
         319
         324
         329
         334
         339
         344
         349
         354
         359
         364
         369
         374
         379
         384
         389
         394
         399
         404
         409
         414
         419
         424
         429
         434
         439
         444
         449
         454
         459
         464
         469
         474
         479
         484
         489
         494
         499
         504
         509
         514
         519
         524
         529
         534
         539
         544
         549
         554
         559
         564
         569
         574
         579
         584
         589
         594
         599
         604
         609
         614
         619
         624
         629
         634
         639
         644
         649
         654
         659
         664
         669
         674
         679
         684
         689
         694
         699
         704
         709
         714
         719
         724
         729
         734
         739
         744
         749
         754
         759
         764
         769
         774
         779
         784
         789
         794
         799
         804
         809
         814
         819
         824
         829
         834
         839
         844
         849
         854
         859
         864
         869
         874
         879
         884
         889
         894
         899
         904
         909
         914
         919
         924
         929
         934
         939
         944
         949
         954
         959
         964
         969
         974
         979
         984
         989
         994
         999
        1004
        1009
        1014
        1019
        1024
        1029
        1034
        1039
        1044
        1050
        1056
        1061
        1066
        1072
        1078
        1084
        1090
        1096
        1102
        1108
        1114
        1120
        1126
        1132
        1138
        1143
        1149
        1155
        1161
        1166
        1172
        1178
        1184
        1190
        1196
        1202
        1208
        1214
        1220
        1226
        1232
        1237
        1242
        1248
        1254
        1260
        1266
        1272
        1278
        1284
        1290
        1296
        1302
        1308
        1314
        1319
        1325
        1331
        1337
        1342
        1348
        1354
        1360
        1366
        1372
        1378
        1384
        1390
        1395
        1401
        1407
        1412
        1417
        1423
        1429
        1435
        1441
        1447
        1453
        1459
        1465
        1471
        1477
        1483
        1489
        1494
        1500
        1506
        1512
        1518
        1524
        1530
        1536
        1542
        1548
        1554
        1560
        1566
        1571
        1577
        1583
        1588
        1593
        1599
        1605
        1611
        1617
        1623
        1629
        1635
        1641
        1647
        1653
        1659
        1664
        1669
        1675
        1681
        1687
        1693
        1699
        1705
        1711
        1717
        1723
        1729
        1735
        1741
        1746
        1752
        1758
        1763
        1768
        1774
        1780
        1786
        1792
        1798
        1804
        1810
        1816
        1822
        1828
        1834
        1839
        1844
        1850
        1856
        1862
        1868
        1874
        1880
        1886
        1892
        1898
        1904
        1910
        1916
        1921
        1927
        1933
        1938
        1943
        1949
        1955
        1961
        1967
        1973
        1979
        1985
        1991
        1997
        2003
        2009
        2014
        2019
        2025
        2031
        2037
        2043
        2049
        2055
        2061
        2067
        2073
        2079
        2085
        2091
        2096
        2102
        2108
        2114
        2119
        2125
        2131
        2137
        2143
        2149
        2155
        2161
        2167
        2173
        2179
        2185
        2190
        2195
        2201
        2207
        2213
        2219
        2225
        2231
        2236
        2241
        2247
        2253
        2259
        2265
        2271
        2277
        2283
        2289
        2295
        2301
        2307
        2312
        2318
        2324
        2330
        2335
        2341
        2347
        2353
        2359
        2365
        2371
        2377
        2383
        2389
        2395
        2401
        2407
        2412
        2417
        2423
        2429
        2435
        2441
        2447
        2453
        2459
        2465
        2471
        2477
        2483
        2488
        2493
        2499
        2505
        2510
        2516
        2522
        2528
        2534
        2540
        2546
        2552
        2558
        2564
        2570
        2576
        2582
        2587
        2592
        2598
        2604
        2610
        2616
        2622
        2628
        2634
        2640
        2646
        2652
        2658
        2663
        2668
        2674
        2680
        2685
        2691
        2697
        2703
        2709
        2715
        2721
        2727
        2733
        2739
        2745
        2751
        2757
        2762
        2767
        2773
        2779
        2785
        2791
        2797
        2803
        2809
        2815
        2821
        2827
        2833
        2838
        2843
        2849
        2855
        2860
        2866
        2872
        2878
        2884
        2890
        2896
        2902
        2908
        2914
        2920
        2926
        2932
        2937
        2943
        2949
        2955
        2961
        2967
        2973
        2979
        2985
        2991
        2997
        3003
        3009
        3014
        3019
        3025
        3031
        3036
        3042
        3048
        3054
        3060
        3066
        3072
        3078
        3084
        3089
        3095
        3101
        3107
        3112
        3118
        3124
        3130
        3136
        3142
        3148
        3154
        3160
        3166
        3172
        3178
        3184
        3189
        3194
        3200
        3206
        3212
        3218
        3224
        3230
        3236
        3242
        3248
        3254
        3260
        3265
        3271
        3277
        3283
        3288
        3294
        3300
        3306
        3312
        3318
        3324
        3330
        3336
        3342
        3348
        3354
        3360
        3365
        3370
        3376
        3382
        3385
        3388
        3391
        3394
        3397
        3400
        3403
        3406
        3409
        3412
        3415
        3418
        3421
        3424
        3427
        3430
        3433
        3436
        3439
        3442
        3445
        3448
        3451
        3454
        3457
        3460
        3463
        3466
        3469
        3472
        3475
        3478
        3481
        3484
        3487
        3490
        3493
        3496
        3499
        3502
        3505
        3508
        3511
        3514
        3517
        3520
        3523
        3526
        3529
        3532
        3535
        3538
        3541
        3544
        3547
        3550
        3553
        3556
        3559
        3562
        3565
        3568
        3571
        3574
        3577
        3580
        3583
        3586
        3589
        3592
        3595
        3598
        3601
        3604
        3607
        3610
        3613
        3616
        3619
        3622
        3625
        3628
        3631
        3634
        3637
        3640
        3643
        3646
        3649
        3652
        3655
        3658
        3661
        3664
        3667
        3670
        3673
        3676
        3679
        3682
        3685
        3688
        3691
        3694
        3697
        3700
        3703
        3706
        3709
        3712
        3715
        3718
        3721
        3724
        3727
        3730
        3733
        3736
        3739
        3742
        3745
        3748
        3751
        3754
        3757
        3760
        3763
        3766
        3769
        3772
        3775
        3778
        3781
        3784
        3787
        3790
        3793
        3796
        3799
        3802
        3805
        3808
        3811
        3814
        3817
        3820
        3823
        3826
        3829
        3832
        3835
        3838
        3841
        3844
        3847
        3850
        3853
        3856
        3859
        3862
        3865
        3868
        3871
        3874
        3877
        3880
        3883
        3886
        3889
        3892
        3895
        3898
        3901
        3904
        3907
        3910
        3913
        3916
        3919
        3922
        3925
        3928
        3931
        3934
        3937
        3940
        3943
        3946
        3949
        3952
        3955
        3958
        3961
        3964
        3967
        3970
        3973
        3976
        3979
        3982
        3985
        3989
        3993
        3996
        4000
        4004
        4007
        4010
        4013
        4016
        4019
        4022
        4025
        4028
        4031
        4034
        4037
        4040
        4044
        4047
        4050
        4053
        4056
        4059
        4062
        4065
        4068
        4071
        4074
        4078
        4081
        4085
        4089
        4092
        4096
        4100
        4103
        4106
        4109
        4112
        4115
        4118
        4121
        4124
        4128
        4131
        4134
        4138
        4142
        4145
        4148
        4151
        4154
        4157
        4160
        4163
        4166
        4169
        4172
        4176
        4179
        4183
        4187
        4190
        4194
        4198
        4201
        4204
        4207
        4210
        4213
        4216
        4219
        4222
        4226
        4229
        4232
        4236
        4240
        4243
        4247
        4250
        4253
        4256
        4259
        4262
        4265
        4268
        4271
        4275
        4278
        4282
        4286
        4289
        4293
        4297
        4300
        4303
        4306
        4309
        4312
        4315
        4318
        4321
        4325
        4329
        4332
        4336
        4340
        4343
        4347
        4350
        4353
        4356
        4359
        4362
        4365
        4368
        4371
        4375
        4378
        4382
        4386
        4389
        4392
        4396
        4399
        4402
        4405
        4408
        4411
        4414
        4417
        4420
        4424
        4428
        4431
        4435
        4439
        4442
        4446
        4449
        4452
        4455
        4458
        4461
        4464
        4467
        4470
        4473
        4476
        4480
        4484
        4487
        4490
        4494
        4497
        4500
        4503
        4506
        4509
        4512
        4515
        4518
        4522
        4526
        4529
        4533
        4537
        4540
        4544
        4547
        4550
        4553
        4556
        4559
        4562
        4565
        4568
        4571
        4574
        4578
        4581
        4584
        4587
        4590
        4593
        4596
        4599
        4602
        4605
        4608
        4611
        4614
        4618
        4622
        4625
        4629
        4633
        4636
        4641
        4646
        4651
        4656
        4661
        4665
        4670
        4676
        4681
        4686
        4691
        4694
        4699
        4704
        4709
        4714
        4720
        4725
        4730
        4735
        4740
        4744
        4749
        4754
        4759
        4765
        4768
        4773
        4778
        4783
        4788
        4793
        4798
        4803
        4808
        4811
        4816
        4821
        4826
        4831
        4836
        4841
        4844
        4849
        4854
        4859
        4864
        4869
        4874
        4879
        4884
        4889
        4893
        4898
        4903
        4908
        4913
        4918
        4923
        4928
        4932
        4935
        4940
        4945
        4951
        4956
        4961
        4966
        4971
        4975
        4980
        4984
        4989
        4993
        4997
        5002
        5006
        5011
        5016
        5021
        5026
        5031
        5034
        5039
        5044
        5048
        5053
        5058
        5062
        5066
        5070
        5075
        5081
        5085
        5090
        5095
        5100
        5105
        5110
        5115
        5120
        5125
        5130
        5135
        5140
        5145
        5149
        5155
        5160
        5165
        5171
        5174
        5179
        5184
        5189
        5194
        5199
        5204
        5209
        5214
        5219
        5224
        5230
        5235
        5240
        5244
        5249
        5254
        5258
        5262
        5267
        5271
        5276
        5281
        5286
        5291
        5296
        5301
        5307
        5312
        5316
        5321
        5326
        5330
        5335
        5340
        5344
        5349
        5354
        5359
        5364
        5370
        5375
        5380
        5384
        5387
        5392
        5397
        5402
        5407
        5413
        5418
        5423
        5428
        5431
        5436
        5441
        5447
        5450
        5455
        5459
        5463
        5468
        5473
        5476
        5480
        5485
        5489
        5494
        5499
        5503
        5507
        5510
        5513
        5516
        5519
        5524
        5529
        5533
        5538
        5543
        5548
        5552
        5555
        5560
        5565
        5570
        5575
        5579
        5582
        5587
        5590
        5595
        5600
        5604
        5608
        5613
        5618
        5622
        5625
        5630
        5636
        5640
        5645
        5649
        5654
        5658
        5663
        5668
        5673
        5678
        5682
        5687
        5692
        5696
        5701
        5705
        5709
        5714
        5719
        5724
        5728
        5733
        5738
        5743
        5747
        5751
        5755
        5759
        5762
        5766
        5771
        5775
        5780
        5785
        5790
        5795
        5800
        5805
        5810
        5815
        5820
        5825
        5830
        5834
        5839
        5844
        5849
        5854
        5859
        5864
        5869
        5874
        5878
        5883
        5888
        5893
        5898
        5904
        5908
        5913
        5918
        5922
        5927
        5932
        5936
        5942
        5947
        5952
        5957
        5961
        5963
        5967
        5972
        5977
        5982
        5988
        5993
        5997
        6001
        6004
        6009
        6014
        6019
        6023
        6028
        6032
        6037
        6040
        6043
        6048
        6053
        6057
        6062
        6067
        6071
        6075
        6078
        6081
        6086
        6089
        6094
        6099
        6104
        6107
        6111
        6116
        6121
        6126
        6130
        6132
        6136
        6141
        6146
        6150
        6155
        6159
        6163
        6168
        6172
        6176
        6181
        6186
        6191
        6193
        6196
        6201
        6206
        6211
        6216
        6221
        6225
        6229
        6231
        6236
        6241
        6246
        6250
        6253
        6257
        6262
        6267
        6270
        6272
        6275
        6280
        6284
        6287
        6289
        6293
        6297
        6300
        6304
        6306
        6311
        6313
        6318
        6323
        6325
        6327
        6332
        6338
        6343
        6348
        6353
        6358
        6363
        6369
        6374
        6378
        6382
        6387
        6391
        6396
        6401
        6405
        6409
        6413
        6417
        6421
        6426
        6430
        6434
        6437
        6442
        6447
        6450
        6454
        6460
        6465
        6468
        6471
        6476
        6481
        6485
        6490
        6495
        6500
        6505
        6510
        6515
        6520
        6525
        6530
        6534
        6538
        6543
        6548
        6552
        6557
        6560
        6565
        6570
        6575
        6580
        6584
        6589
        6594
        6597
        6603
        6608
        6612
        6616
        6620
        6624
        6629
        6634
        6638
        6643
        6647
        6651
        6653
        6655
        6658
        6661
        6664
        6669
        6673
        6678
        6683
        6688
        6693
        6698
        6701
        6706
        6710
        6713
        6718
        6720
        6725
        6730
        6735
        6738
        6743
        6746
        6751
        6756
        6761
        6763
        6766
        6771
        6773
        6778
        6783
        6788
        6793
        6798
        6803
        6807
        6809
        6813
        6816
        6819
        6822
        6825
        6828
        6832
        6836
        6841
        6845
        6849
        6852
        6855
        6860
        6862
        6865
        6870
        6874
        6879
        6881
        6885
        6890
        6895
        6899
        6904
        6909
        6914
        6918
        6922
        6926
        6929
        6934
        6938
        6942
        6947
        6950
        6954
        6957
        6961
        6965
        6968
        6970
        6972
        6974
        6977
        6980
        6983
        6986
        6988
        6991
        6995
        7000
        7003
        7007
        7010
        7015
        7019
        7022
        7027
        7032
        7035
        7040
        7043
        7047
        7051
        7054
        7058
        7062
        7066
        7070
        7074
        7078
        7081
        7084
        7089
        7094
        7099
        7104
        7109
        7114
        7119
        7123
        7126
        7130
        7134
        7137
        7141
        7144
        7147
        7152
        7156
        7161
        7166
        7169
        7173
        7178
        7182
        7186
        7191
        7196
        7201
        7205
        7210
        7215
        7220
        7223
        7227
        7231
        7234
        7239
        7243
        7248
        7251
        7254
        7256
        7260
        7265
        7269
        7273
        7277
        7280
        7283
        7287
        7290
        7293
        7296
        7300
        7304
        7308
        7311
        7315
        7319
        7323
        7327
        7332
        7335
        7340
        7343
        7347
        7351
        7355
        7358
        7361
        7365
        7368
        7371
        7373
        7375
        7378
        7381
        7385
        7389
        7394
        7399
        7403
        7405
        7409
        7412
        7414
        7417
        7420
        7423
        7425
        7427
        7432
        7436
        7440
        7444
        7448
        7452
        7454
        7457
        7460
        7462
        7466
        7470
        7474
        7478
        7483
        7488
        7493
        7497
        7500
        7502
        7504
        7508
        7512
        7516
        7518
        7522
        7525
        7528
        7531
        7533
        7536
        7540
        7542
        7545
        7548
        7550
        7552
        7555
        7558
        7562
        7564
        7567
        7570
        7572
        7574
        7577
        7580
        7583
        7585
        7588
        7591
        7593
        7596
        7599
        7602
        7604
        7607
        7609
        7612
        7615
        7618
        7621
        7624
        7626
        7629
        7632
        7636
        7641
        7645
        7650
        7651
        7656
        7658
        7662
        7666
        7672
        7677
        7681
        7687
        7691
        7697
        7702
        7708
        7713
        7719
        7725
        7731
        7736
        7737
        7739
        7745
        7746
        7752
        7757
        7762
        7767
        7770
        7771
        7773
        7777
        7778
        7780
        7781
        7786
        7792
        7797
        7801
        7807
        7811
        7816
        7821
        7827
        7832
        7837
        7842
        7848
        7852
        7857
        7863
        7868
        7874
        7878
        7882
        7887
        7892
        7898
        7903
        7909
        7914
        7920
        7926
        7932
        7937
        7941
        7947
        7953
        7960
        7965
        7970
        7975
        7979
        7983
        7985
        7987
        7988
        7992
        7993
        7995
        7999
        8005
        8006
        8011
        8015
        8020
        8025
        8029
        8035
        8036
        8038
        8042
        8048
        8052
        8055
        8060
        8066
        8070
        8071
        8072
        8074
        8079
        8083
        8084
        8087
        8092
        8097
        8100
        8103
        8106
        8109
        8113
        8118
        8123
        8127
        8130
        8135
        8141
        8144
        8148
        8153
        8157
        8160
        8165
        8169
        8174
        8178
        8183
        8188
        8192
        8196
        8200
        8204
        8209
        8214
        8219
        8223
        8226
        8232
        8237
        8241
        8245
        8250
        8253
        8256
        8260
        8263
        8268
        8274
        8277
        8282
        8287
        8290
        8295
        8299
        8301
        8302
        8305
        8308
        8310
        8312
        8314
        8319
        8324
        8330
        8331
        8333
        8334
        8337
        8343
        8348
        8352
        8356
        8360
        8363
        8367
        8371
        8374
        8378
        8383
        8388
        8393
        8399
        8403
        8406
        8410
        8414
        8419
        8424
        8428
        8431
        8433
        8438
        8442
        8445
        8451
        8455
        8460
        8465
        8469
        8470
        8474
        8480
        8484
        8490
        8496
        8501
        8505
        8506
        8508
        8509
        8514
        8520
        8524
        8530
        8536
        8541
        8546
        8550
        8554
        8559
        8564
        8569
        8574
        8580
        8585
        8589
        8591
        8592
        8594
        8600
        8606
        8611
        8614
        8619
        8621
        8622
        8626
        8627
        8629
        8633
        8639
        8644
        8649
        8655
        8660
        8666
        8670
        8675
        8679
        8684
        8688
        8694
        8699
        8705
        8709
        8714
        8719
        8724
        8730
        8736
        8740
        8746
        8751
        8757
        8763
        8769
        8774
        8779
        8785
        8790
        8794
        8798
        8803
        8809
        8814
        8818
        8822
        8824
        8826
        8828
        8832
        8833
        8838
        8843
        8849
        8853
        8858
        8860
        8861
        8867
        8869
        8870
        8876
        8882
        8887
        8892
        8896
        8899
        8902
        8905
        8911
        8914
        8917
        8919
        8923
        8924
        8925
        8927
        8928
        8933
        8939
        8944
        8947
        8951
        8954
        8958
        8963
        8967
        8972
        8976
        8980
        8984
        8987
        8992
        8995
        9000
        9006
        9010
        9015
        9020
        9024
        9029
        9034
        9039
        9044
        9048
        9053
        9058
        9063
        9067
        9073
        9077
        9082
        9087
        9091
        9094
        9099
        9103
        9107
        9111
        9115
        9120
        9123
        9126
        9130
        9136
        9141
        9146
        9150
        9155
        9160
        9163
        9167
        9171
        9173
        9175
        9176
        9180
        9181
        9183
        9189
        9194
        9195
        9200
        9203
        9207
        9210
        9214
        9220
        9224
        9229
        9230
        9232
        9236
        9240
        9243
        9249
        9254
        9260
        9264
        9268
        9272
        9277
        9280
        9284
        9289
        9293
        9296
        9300
        9304
        9309
        9312
        9315
        9320
        9322
        9326
        9332
        9336
        9340
        9344
        9349
        9353
        9358
        9363
        9367
        9371
        9376
        9379
        9381
        9386
        9387
        9390
        9395
        9399
        9404
        9408
        9413
        9416
        9417
        9422
        9424
        9429
        9434
        9437
        9442
        9444
        9448
        9452
        9456
        9459
        9462
        9464
        9468
        9472
        9476
        9479
        9481
        9485
        9490
        9493
        9496
        9499
        9501
        9506
        9510
        9512
        9517
        9520
        9521
        9526
        9529
        9533
        9536
        9537
        9541
        9542
        9545
        9549
        9552
        9554
        9558
        9560
        9562
        9563
        9567
        9572
        9574
        9576
        9577
        9578
        9582
        9586
        9591
        9594
        9596
        9598
        9601
        9606
        9611
        9614
        9617
        9621
        9624
        9626
        9627
        9629
        9634
        9637
        9641
        9643
        9644
        9647
        9651
        9654
        9659
        9663
        9664
        9666
        9667
        9671
        9676
        9679
        9681
        9685
        9686
        9690
        9694
        9696
        9698
        9703
        9707
        9711
        9712
        9713
        9717
        9721
        9726
        9729
        9730
        9732
        9733
        9734
        9738
        9740
        9741
        9743
        9745
        9747
        9748
        9749
        9750
        9752
        9753
        9755
        9758
        9763
        9768
        9770
        9773
        9777
        9779
        9781
        9783
        9787
        9791
        9792
        9793
        9797
        9801
        9803
        9804
        9806
        9808
        9810
        9812
        9814
        9815
        9816
        9817
        9818
        9819
        9820
        9821
        9823
        9825
        9829
        9833
        9834
        9836
        9839
        9842
        9847
        9851
        9853
        9859
        9863
        9867
        9871
        9873
        9877
        9882
        9888
        9892
        9893
        9894
        9898
        9902
        9906
        9908
        9910
        9912
        9916
        9921
        9923
        9925
        9929
        9930
        9934
        9938
        9940
        9943
        9945
        9948
        9951
        9953
        9957
        9959
        9963
        9968
        9974
        9978
        9980
        9984
        9988
        9992
        9993
        9995
        9996
        9998
       10002
       10006
       10010
       10014
       10015
       10019
       10025
       10029
       10035
       10039
       10043
       10044
       10046
       10050
       10054
       10056
       10060
       10062
       10066
       10071
       10073
       10075
       10076
       10078
       10082
       10086
       10090
       10094
       10096
       10098
       10102
       10103
       10105
       10107
       10109
       10113
       10117
       10119
       10121
       10122
       10126
       10127
       10130
       10132
       10134
       10136
       10137
       10141
       10147
       10148
       10150
       10152
       10156
       10162
       10164
       10166
       10170
       10176
       10178
       10182
       10188
       10190
       10191
       10194
       10198
       10200
       10202
       10208
       10212
       10216
       10220
       10222
       10224
       10226
       10228
       10232
       10234
       10237
       10240
       10241
       10245
       10250
       10254
       10256
       10258
       10260
       10261
       10263
       10265
       10267
       10269
       10271
       10273
       10274
       10276
       10278
       10280
       10282
       10283
       10285
       10287
       10289
       10291
       10293
       10295
       10297
       10301
       10303
       10306
       10307
       10310
       10312
       10315
       10316
       10319
       10320
       10323
       10325
       10327
       10330
       10332
       10336
       10338
       10341
       10343
       10345
       10347
       10349
       10351
       10353
       10355
       10357
       10359
       10361
       10363
       10365
       10367
       10369
       10371
       10373
       10375
       10377
       10379
       10381
       10383
       10385
       10388
       10392
       10395
       10398
       10402
       10406
       10410
       10413
       10416
       10419
       10422
       10425
       10428
       10431
       10434
       10437
       10440
       10443
       10445
       10447
       10450
       10452
       10454
       10457
       10459
       10461
       10463
       10467
       10470
       10472
       10476
       10478
       10480
       10482
       10485
       10487
       10491
       10493
       10495
       10497
       10501
       10503
       10505
       10509
       10511
       10515
       10517
       10519
       10521
       10525
       10527
       10529
       10531
       10535
       10537
       10539
       10542
       10544
       10546
       10549
       10551
       10553
       10555
       10557
       10560
       10562
       10565
       10567
       10569
       10571
       10573
       10576
       10578
       10580
       10582
       10584
       10587
       10589
       10591
       10594
       10596
       10598
       10600
       10602
       10604
       10606
       10609
       10611
       10614
       10617
       10619
       10622
       10624
       10627
       10629
       10632
       10634
       10637
       10639
       10642
       10644
       10647
       10650
       10652
       10654
       10656
       10658
       10662
       10666
       10669
       10672
       10676
       10680
       10683
       10686
       10689
       10693
       10697
       10701
       10704
       10707
       10710
       10713
       10716
       10719
       10722
       10725
       10728
       10731
       10734
       10737
       10740
       10743
       10746
       10749
       10752
       10755
       10759
       10763
       10766
       10769
       10772
       10775
       10777
       10779
       10781
       10782
       10784
       10786
       10788
       10790
       10792
       10794
       10796
       10797
       10799
       10801
       10803
       10805
       10807
       10809
       10811
       10813
       10815
       10817
       10819
       10821
       10823
       10825
       10827
       10829
       10831
       10833
       10835
       10837
       10839
       10841
       10843
       10845
       10846
       10848
       10850
       10852
       10854
       10856
       10858
       10860
       10862
       10864
       10866
       10868
       10870
       10872
       10874
       10876
       10879
       10882
       10886
       10891
       10895
       10897
       10900
       10904
       10908
       10911
       10914
       10916
       10919
       10923
       10927
       10930
       10933
       10936
       10938
       10941
       10945
       10947
       10951
       10953
       10956
       10959
       10961
       10964
       10968
       10972
       10976
       10980
       10983
       10987
       10991
       10993
       10996
       11000
       11004
       11007
       11010
       11013
       11015
       11018
       11021
       11025
       11027
       11030
       11034
       11038
       11041
       11043
       11046
       11048
       11052
       11057
       11060
       11063
       11066
       11068
       11071
       11074
       11077
       11079
       11082
       11084
       11086
       11089
       11091
       11094
       11096
       11099
       11102
       11106
       11111
       11115
       11117
       11121
       11123
       11126
       11130
       11134
       11138
       11142
       11146
       11148
       11151
       11156
       11160
       11163
       11165
       11168
       11171
       11173
       11175
       11177
       11180
       11182
       11184
       11186
       11189
       11192
       11198
       11202
       11203
       11207
       11212
       11216
       11220
       11225
       11230
       11236
       11239
       11244
       11246
       11251
       11255
       11258
       11261
       11264
       11268
       11272
       11276
       11280
       11284
       11288
       11292
       11296
       11299
       11302
       11305
       11307
       11309
       11311
       11313
       11316
       11318
       11320
       11323
       11325
       11327
       11330
       11334
       11338
       11342
       11344
       11347
       11349
       11351
       11354
       11358
       11362
       11365
       11367
       11369
       11371
       11374
       11376
       11378
       11381
       11383
       11385
       11387
       11390
       11394
       11397
       11401
       11403
       11408
       11412
       11417
       11420
       11422
       11425
       11428
       11431
       11434
       11437
       11440
       11443
       11446
       11449
       11452
       11455
       11460
       11462
       11467
       11472
       11474
       11479
       11482
       11485
       11488
       11491
       11493
       11496
       11499
       11501
       11502
       11504
       11507
       11509
       11511
       11512
       11515
       11516
       11518
       11520
       11523
       11525
       11527
       11529
       11530
       11535
       11538
       11541
       11544
       11548
       11550
       11552
       11554
       11556
       11558
       11560
       11562
       11564
       11568
       11569
       11572
       11575
       11578
       11581
       11584
       11587
       11590
       11594
       11597
       11601
       11607
       11610
       11614
       11618
       11621
       11625
       11628
       11631
       11634
       11637
       11640
       11644
       11648
       11651
       11655
       11659
       11662
       11665
       11669
       11672
       11676
       11680
       11685
       11686
       11691
       11692
       11696
       11699
       11702
       11706
       11708
       11710
       11716
       11721
       11722
       11726
       11729
       11733
       11736
       11740
       11744
       11746
       11748
       11752
       11757
       11759
       11764
       11768
       11771
       11776
       11782
       11784
       11786
       11788
       11791
       11795
       11798
       11801
       11804
       11808
       11812
       11815
       11819
       11823
       11827
       11830
       11833
       11837
       11840
       11845
       11846
       11851
       11852
       11854
       11856
       11861
       11865
       11868
       11872
       11876
       11879
       11882
       11886
       11890
       11893
       11897
       11899
       11903
       11906
       11911
       11912
       11914
       11918
       11922
       11924
       11929
       11930
       11932
       11936
       11940
       11942
       11944
       11948
       11952
       11956
       11960
       11964
       11967
       11970
       11973
       11976
       11979
       11986
       11989
       11995
       11998
       12004
       12006
       12013
       12015
       12022
       12024
       12029
       12034
       12039
       12044
       12049
       12054
       12059
       12064
       12067
       12070
       12073
       12076
       12079
       12082
       12089
       12092
       12095
       12102
       12104
       12107
       12112
       12117
       12122
       12127
       12131
       12134
       12137
       12140
       12144
       12148
       12152
       12156
       12158
       12162
       12167
       12169
       12171
       12175
       12179
       12182
       12186
       12188
       12192
       12196
       12198
       12199
       12202
       12206
       12209
       12213
       12217
       12221
       12225
       12230
       12235
       12237
       12239
       12242
       12246
       12250
       12252
       12255
       12260
       12264
       12266
       12269
       12272
       12276
       12280
       12284
       12286
       12289
       12292
       12295
       12300
       12303
       12306
       12309
       12314
       12317
       12323
       12328
       12331
       12336
       12341
       12344
       12348
       12351
       12356
       12359
       12365
       12371
       12374
       12376
       12378
       12384
       12387
       12390
       12393
       12396
       12398
       12401
       12405
       12409
       12413
       12416
       12419
       12424
       12430
       12433
       12435
       12437
       12439
       12445
       12448
       12451
       12454
       12456
       12460
       12463
       12469
       12474
       12480
       12484
       12487
       12491
       12494
       12496
       12499
       12501
       12505
       12507
       12512
       12517
       12520
       12523
       12526
       12529
       12533
       12538
       12542
       12546
       12550
       12554
       12557
       12559
       12562
       12566
       12569
       12572
       12575
       12578
       12581
       12585
       12588
       12591
       12594
       12597
       12600
       12603
       12606
       12609
       12612
       12615
       12618
       12622
       12625
       12628
       12631
       12635
       12638
       12641
       12644
       12648
       12652
       12654
       12656
       12660
       12662
       12664
       12670
       12672
       12674
       12679
       12684
       12687
       12690
       12692
       12697
       12700
       12703
       12705
       12708
       12711
       12714
       12716
       12718
       12720
       12722
       12726
       12731
       12736
       12738
       12742
       12744
       12749
       12751
       12756
       12758
       12763
       12768
       12770
       12775
       12780
       12785
       12788
       12792
       12796
       12800
       12804
       12809
       12816
       12819
       12824
       12830
       12836
       12838
       12843
       12847
       12852
       12854
       12860
       12864
       12870
       12876
       12881
       12885
       12890
       12895
       12898
       12901
       12903
       12905
       12910
       12912
       12915
       12920
       12924
       12927
       12929
       12933
       12935
       12941
       12943
       12948
       12951
       12956
       12962
       12967
       12972
       12976
       12981
       12984
       12989
       12994
       12997
       13000
       13003
       13010
       13012
       13014
       13020
       13022
       13027
       13030
       13034
       13038
       13042
       13046
       13049
       13053
       13057
       13062
       13065
       13068
       13071
       13074
       13078
       13084
       13089
       13092
       13095
       13098
       13101
       13104
       13107
       13111
       13116
       13120
       13124
       13126
       13128
       13130
       13132
       13137
       13140
       13144
       13148
       13152
       13154
       13156
       13162
       13164
       13168
       13172
       13176
       13178
       13183
       13188
       13192
       13197
       13200
       13205
       13210
       13213
       13217
       13220
       13222
       13225
       13227
       13230
       13233
       13236
       13239
       13243
       13246
       13250
       13253
       13256
       13259
       13262
       13264
       13267
       13271
       13274
       13277
       13280
       13283
       13286
       13289
       13292
       13295
       13297
       13300
       13303
       13306
       13309
       13312
       13315
       13319
       13322
       13325
       13328
       13331
       13333
       13336
       13339
       13341
       13345
       13348
       13351
       13355
       13358
       13361
       13364
       13367
       13370
       13374
       13377
       13379
       13382
       13386
       13389
       13393
       13397
       13401
       13404
       13408
       13412
       13416
       13420
       13424
       13428
       13432
       13435
       13438
       13444
       13449
       13454
       13458
       13461
       13465
       13469
       13473
       13477
       13481
       13485
       13491
       13495
       13499
       13503
       13508
       13513
       13519
       13524
       13530
       13534
       13538
       13543
       13549
       13554
       13559
       13562
       13567
       13573
       13578
       13584
       13589
       13592
       13597
       13602
       13605
       13609
       13614
       13619
       13624
       13629
       13633
       13637
       13642
       13646
       13650
       13654
       13658
       13662
       13667
       13672
       13676
       13681
       13686
       13691
       13697
       13702
       13707
       13713
       13718
       13723
       13728
       13733
       13738
       13743
       13748
       13753
       13758
       13763
       13767
       13772
       13777
       13782
       13788
       13793
       13799
       13803
       13806
       13810
       13815
       13819
       13824
       13830
       13837
       13843
       13847
       13852
       13856
       13860
       13867
       13872
       13877
       13881
       13886
       13890
       13894
       13899
       13903
       13907
       13912
       13918
       13920
       13924
       13928
       13932
       13938
       13941
       13946
       13951
       13957
       13960
       13965
       13968
       13973
       13977
       13982
       13985
       13990
       13995
       14001
       14006
       14012
       14015
       14020
       14023
       14026
       14029
       14032
       14035
       14038
       14043
       14046
       14051
       14054
       14057
       14060
       14062
       14064
       14066
       14068
       14070
       14072
       14075
       14079
       14081
       14085
       14090
       14094
       14097
       14101
       14103
       14105
       14108
       14112
       14114
       14116
       14118
       14120
       14123
       14126
       14132
       14138
       14141
       14144
       14147
       14150
       14153
       14157
       14161
       14163
       14167
       14169
       14172
       14175
       14178
       14180
       14182
       14184
       14187
       14190
       14193
       14196
       14198
       14201
       14206
       14208
       14211
       14214
       14217
       14220
       14223
       14227
       14230
       14234
       14238
       14240
       14244
       14247
       14250
       14253
       14258
       14260
       14263
       14267
       14269
       14271
       14275
       14277
       14281
       14283
       14286
       14289
       14292
       14295
       14298
       14302
       14306
       14308
       14311
       14315
       14319
       14321
       14325
       14328
       14332
       14334
       14336
       14340
       14344
       14348
       14352
       14354
       14357
       14360
       14363
       14365
       14368
       14371
       14373
       14375
       14379
       14381
       14385
       14387
       14391
       14395
       14399
       14403
       14407
       14411
       14414
       14418
       14421
       14424
       14427
       14430
       14433
       14436
       14439
       14442
       14445
       14448
       14451
       14454
       14457
       14460
       14463
       14466
       14470
       14473
       14476
       14479
       14482
       14485
       14488
       14491
       14496
       14501
       14504
       14507
       14510
       14513
       14518
       14523
       14528
       14533
       14537
       14542
       14547
       14552
       14557
       14562
       14566
       14570
       14574
       14578
       14583
       14587
       14592
       14598
       14604
       14606
       14609
       14612
       14617
       14619
       14621
       14623
       14626
       14631
       14634
       14636
       14639
       14643
       14647
       14651
       14654
       14658
       14662
       14666
       14670
       14673
       14677
       14680
       14683
       14687
       14690
       14693
       14695
       14697
       14699
       14701
       14705
       14709
       14712
       14715
       14719
       14723
       14727
       14730
       14733
       14737
       14740
       14744
       14748
       14752
       14755
       14759
       14762
       14766
       14770
       14773
       14777
       14781
       14784
       14788
       14792
       14794
       14796
       14797
       14799
       14803
       14807
       14811
       14815
       14818
       14822
       14825
       14827
       14830
       14832
       14835
       14837
       14841
       14844
       14847
       14850
       14852
       14855
       14857
       14859
       14861
       14863
       14865
       14867
       14869
       14871
       14873
       14875
       14877
       14879
       14882
       14885
       14888
       14892
       14895
       14899
       14901
       14904
       14907
       14909
       14911
       14913
       14916
       14918
       14921
       14924
       14927
       14930
       14932
       14935
       14937
       14939
       14942
       14945
       14948
       14951
       14954
       14957
       14960
       14963
       14967
       14969
       14971
       14973
       14975
       14978
       14983
       14988
       14992
       14995
       14999
       15001
       15004
       15006
       15008
       15011
       15013
       15016
       15019
       15023
       15026
       15029
       15033
       15037
       15041
       15045
       15049
       15053
       15057
       15060
       15063
       15067
       15071
       15072
       15074
       15076
       15078
       15080
       15086
       15089
       15093
       15096
       15100
       15106
       15111
       15115
       15120
       15126
       15131
       15137
       15142
       15148
       15154
       15158
       15160
       15165
       15169
       15173
       15175
       15180
       15183
       15185
       15190
       15191
       15193
       15196
       15200
       15203
       15208
       15210
       15213
       15215
       15220
       15222
       15227
       15230
       15233
       15236
       15240
       15245
       15247
       15252
       15254
       15259
       15261
       15263
       15265
       15270
       15273
       15277
       15280
       15285
       15288
       15293
       15296
       15299
       15303
       15307
       15311
       15317
       15321
       15325
       15328
       15332
       15335
       15338
       15341
       15344
       15347
       15349
       15351
       15354
       15357
       15360
       15364
       15368
       15372
       15375
       15378
       15382
       15386
       15390
       15394
       15398
       15402
       15406
       15407
       15412
       15414
       15417
       15420
       15423
       15425
       15427
       15431
       15433
       15436
       15440
       15445
       15447
       15450
       15453
       15457
       15462
       15465
       15468
       15470
       15473
       15475
       15477
       15479
       15481
       15484
       15486
       15488
       15491
       15493
       15498
       15503
       15505
       15507
       15510
       15512
       15514
       15517
       15519
       15521
       15524
       15527
       15530
       15532
       15537
       15543
       15549
       15555
       15561
       15564
       15567
       15570
       15573
       15576
       15579
       15581
       15584
       15586
       15588
       15590
       15592
       15594
       15597
       15600
       15603
       15606
       15608
       15610
       15612
       15614
       15616
       15618
       15623
       15629
       15634
       15639
       15641
       15643
       15645
       15648
       15650
       15652
       15657
       15660
       15662
       15664
       15670
       15676
       15682
       15687
       15691
       15694
       15699
       15703
       15706
       15709
       15715
       15720
       15725
       15730
       15732
       15737
       15740
       15744
       15747
       15751
       15753
       15755
       15758
       15760
       15766
       15772
       15777
       15780
       15783
       15785
       15791
       15795
       15801
       15805
       15808
       15812
       15817
       15823
       15826
       15829
       15835
       15837
       15839
       15841
       15846
       15848
       15850
       15854
       15856
       15860
       15862
       15866
       15870
       15873
       15877
       15881
       15883
       15886
       15889
       15892
       15896
       15900
       15905
       15910
       15912
       15915
       15918
       15921
       15924
       15927
       15930
       15933
       15936
       15939
       15941
       15943
       15948
       15950
       15953
       15955
       15959
       15962
       15964
       15967
       15971
       15976
       15978
       15980
       15983
       15989
       15991
       15993
       15996
       15998
       16000
       16002
       16007
       16008
       16013
       16015
       16017
       16019
       16022
       16024
       16030
       16032
       16036
       16040
       16045
       16047
       16051
       16054
       16058
       16060
       16065
       16070
       16072
       16073
       16075
       16080
       16084
       16086
       16088
       16093
       16097
       16099
       16104
       16106
       16110
       16112
       16116
       16120
       16122
       16126
       16129
       16135
       16139
       16142
       16145
       16148
       16152
       16156
       16159
       16162
       16166
       16169
       16172
       16175
       16178
       16182
       16185
       16189
       16194
       16198
       16202
       16206
       16209
       16213
       16216
       16220
       16223
       16226
       16229
       16233
       16237
       16242
       16245
       16248
       16250
       16255
       16259
       16262
       16264
       16266
       16268
       16269
       16270
       16271
       16272
       16274
       16277
       16279
       16281
       16284
       16287
       16291
       16296
       16299
       16303
       16307
       16312
       16315
       16318
       16322
       16326
       16329
       16332
       16333
       16334
       16335
       16336
       16337
       16338
       16342
       16344
       16347
       16349
       16351
       16354
       16357
       16359
       16361
       16364
       16366
       16368
       16370
       16372
       16374
       16377
       16381
       16386
       16391
       16396
       16398
       16401
       16405
       16409
       16412
       16415
       16418
       16420
       16422
       16424
       16426
       16428
       16431
       16433
       16436
       16439
       16441
       16443
       16449
       16455
       16458
       16464
       16469
       16473
       16479
       16483
       16488
       16492
       16496
       16500
       16504
       16505
       16506
       16510
       16514
       16517
       16520
       16524
       16525
       16528
       16531
       16534
       16537
       16540
       16543
       16548
       16551
       16556
       16559
       16563
       16565
       16568
       16571
       16576
       16578
       16581
       16585
       16589
       16593
       16596
       16599
       16602
       16605
       16608
       16612
       16616
       16618
       16620
       16624
       16625
       16628
       16632
       16638
       16641
       16644
       16647
       16650
       16653
       16656
       16658
       16660
       16663
       16664
       16667
       16668
       16671
       16674
       16675
       16678
       16682
       16683
       16686
       16691
       16695
       16698
       16701
       16704
       16707
       16710
       16713
       16716
       16720
       16722
       16724
       16726
       16728
       16730
       16732
       16734
       16736
       16738
       16742
       16746
       16748
       16751
       16754
       16756
       16759
       16761
       16765
       16767
       16769
       16773
       16777
       16781
       16784
       16788
       16791
       16793
       16796
       16799
       16803
       16806
       16809
       16812
       16815
       16818
       16821
       16823
       16825
       16828
       16831
       16834
       16837
       16840
       16844
       16847
       16850
       16852
       16854
       16857
       16860
       16863
       16866
       16869
       16872
       16875
       16880
       16885
       16888
       16891
       16894
       16897
       16903
       16908
       16911
       16918
       16923
       16928
       16932
       16936
       16940
       16943
       16946
       16949
       16952
       16954
       16957
       16961
       16965
       16969
       16973
       16977
       16981
       16984
       16987
       16992
       16996
       17001
       17005
       17010
       17013
       17017
       17020
       17023
       17026
       17029
       17034
       17038
       17042
       17045
       17048
       17052
       17057
       17059
       17063
       17068
       17072
       17077
       17080
       17084
       17089
       17093
       17096
       17099
       17103
       17107
       17111
       17115
       17119
       17124
       17129
       17132
       17136
       17140
       17143
       17147
       17152
       17156
       17159
       17163
       17165
       17168
       17171
       17174
       17177
       17180
       17183
       17186
       17189
       17192
       17196
       17199
       17203
       17205
       17207
       17209
       17213
       17217
       17221
       17224
       17228
       17233
       17235
       17240
       17244
       17246
       17248
       17252
       17254
       17258
       17260
       17264
       17267
       17271
       17274
       17278
       17282
       17287
       17290
       17292
       17293
       17296
       17299
       17303
       17308
       17311
       17316
       17321
       17323
       17326
       17330
       17333
       17337
       17340
       17343
       17346
       17349
       17353
       17356
       17359
       17362
       17363
       17364
       17365
       17366
       17367
       17370
       17373
       17376
       17379
       17384
       17385
       17389
       17390
       17391
       17393
       17395
       17397
       17400
       17403
       17406
       17409
       17413
       17419
       17421
       17423
       17427
       17429
       17432
       17435
       17439
       17443
       17447
       17452
       17455
       17458
       17461
       17465
       17468
       17471
       17475
       17479
       17482
       17486
       17490
       17494
       17500
       17504
       17507
       17512
       17515
       17517
       17519
       17521
       17526
       17531
       17536
       17538
       17541
       17546
       17550
       17555
       17557
       17559
       17561
       17564
       17567
       17570
       17573
       17581
       17585
       17588
       17592
       17596
       17600
       17603
       17607
       17612
       17614
       17618
       17622
       17625
       17627
       17633
       17636
       17640
       17644
       17646
       17650
       17652
       17656
       17659
       17662
       17665
       17667
       17670
       17675
       17679
       17683
       17686
       17691
       17695
       17698
       17701
       17704
       17709
       17714
       17718
       17722
       17728
       17731
       17735
       17739
       17742
       17745
       17750
       17754
       17759
       17764
       17769
       17773
       17778
       17781
       17786
       17790
       17795
       17799
       17801
       17804
       17807
       17810
       17812
       17814
       17818
       17822
       17827
       17829
       17832
       17836
       17840
       17843
       17846
       17850
       17854
       17859
       17861
       17865
       17868
       17871
       17873
       17876
       17879
       17886
       17890
       17893
       17896
       17899
       17901
       17905
       17908
       17913
       17918
       17923
       17925
       17929
       17931
       17934
       17939
       17945
       17949
       17952
       17955
       17960
       17964
       17968
       17974
       17976
       17979
       17981
       17984
       17988
       17992
       17996
       18000
       18003
       18007
       18010
       18013
       18018
       18022
       18026
       18029
       18033
       18037
       18039
       18043
       18045
       18048
       18050
       18053
       18055
       18059
       18060
       18063
       18067
       18070
       18072
       18078
       18081
       18085
       18089
       18094
       18097
       18101
       18104
       18109
       18114
       18117
       18120
       18122
       18125
       18130
       18133
       18137
       18140
       18144
       18146
       18148
       18151
       18154
       18158
       18162
       18166
       18168
       18172
       18175
       18178
       18181
       18184
       18189
       18191
       18196
       18197
       18201
       18204
       18209
       18213
       18215
       18221
       18223
       18227
       18230
       18232
       18233
       18238
       18239
       18243
       18246
       18248
       18251
       18254
       18257
       18261
       18264
       18268
       18270
       18273
       18275
       18281
       18284
       18288
       18291
       18297
       18298
       18301
       18304
       18306
       18311
       18313
       18315
       18317
       18319
       18323
       18329
       18333
       18336
       18339
       18341
       18345
       18346
       18350
       18353
       18358
       18362
       18365
       18367
       18372
       18375
       18379
       18382
       18386
       18389
       18394
       18397
       18400
       18404
       18408
       18413
       18418
       18423
       18425
       18429
       18433
       18435
       18438
       18441
       18446
       18450
       18453
       18456
       18460
       18464
       18467
       18471
       18476
       18482
       18486
       18491
       18493
       18498
       18501
       18506
       18510
       18512
       18514
       18519
       18522
       18525
       18528
       18531
       18534
       18538
       18541
       18544
       18548
       18555
       18560
       18563
       18565
       18568
       18572
       18576
       18580
       18584
       18588
       18591
       18595
       18600
       18605
       18610
       18615
       18617
       18621
       18624
       18628
       18632
       18637
       18640
       18642
       18644
       18646
       18649
       18652
       18654
       18658
       18662
       18665
       18668
       18673
       18676
       18679
       18682
       18684
       18688
       18690
       18694
       18697
       18700
       18702
       18704
       18707
       18710
       18714
       18717
       18720
       18723
       18728
       18732
       18736
       18739
       18743
       18746
       18749
       18753
       18757
       18760
       18762
       18765
       18768
       18773
       18776
       18778
       18781
       18783
       18790
       18795
       18797
       18801
       18806
       18811
       18815
       18820
       18825
       18828
       18833
       18839
       18843
       18847
       18850
       18853
       18856
       18859
       18865
       18867
       18869
       18873
       18876
       18879
       18883
       18887
       18893
       18896
       18899
       18903
       18909
       18913
       18915
       18917
       18921
       18926
       18930
       18932
       18934
       18936
       18939
       18942
       18946
       18949
       18952
       18956
       18960
       18963
       18967
       18969
       18972
       18976
       18980
       18984
       18988
       18991
       18995
       18997
       19001
       19004
       19008
       19014
       19021
       19024
       19026
       19031
       19037
       19040
       19045
       19050
       19056
       19061
       19066
       19068
       19071
       19073
       19078
       19083
       19086
       19089
       19092
       19096
       19098
       19102
       19104
       19107
       19115
       19121
       19125
       19129
       19133
       19135
       19140
       19143
       19147
       19150
       19153
       19157
       19161
       19163
       19170
       19178
       19184
       19191
       19198
       19207
       19215
       19222
       19227
       19231
       19234
       19237
       19239
       19244
       19251
       19254
       19257
       19260
       19265
       19269
       19274
       19276
       19282
       19286
       19293
       19297
       19300
       19303
       19306
       19309
       19311
       19317
       19320
       19322
       19327
       19329
       19336
       19343
       19349
       19352
       19356
       19360
       19368
       19371
       19373
       19378
       19381
       19387
       19394
       19397
       19403
       19410
       19413
       19421
       19426
       19429
       19430
       19433
       19441
       19445
       19448
       19453
       19455
       19462
       19465
       19469
       19477
       19481
       19485
       19494
       19501
       19505
       19510
       19517
       19522
       19525
       19528
       19533
       19537
       19540
       19547
       19554
       19557
       19561
       19563
       19567
       19572
       19573
       19579
       19583
       19587
       19592
       19596
       19600
       19607
       19609
       19611
       19613
       19616
       19622
       19625
       19629
       19632
       19636
       19643
       19645
       19648
       19650
       19653
       19654
       19661
       19668
       19672
       19678
       19681
       19683
       19684
       19687
       19693
       19696
       19701
       19703
       19710
       19713
       19719
       19724
       19730
       19733
       19736
       19741
       19744
       19747
       19749
       19753
       19756
       19759
       19767
       19770
       19773
       19778
       19781
       19787
       19790
       19794
       19795
       19798
       19801
       19805
       19810
       19813
       19816
       19820
       19823
       19825
       19827
       19830
       19831
       19839
       19841
       19844
       19849
       19851
       19853
       19855
       19858
       19859
       19860
       19861
       19869
       19874
       19877
       19880
       19887
       19890
       19896
       19898
       19902
       19908
       19915
       19917
       19923
       19927
       19933
       19940
       19941
       19945
       19947
       19952
       19956
       19964
       19968
       19971
       19977
       19984
       19987
       19993
       19999
       20007
       20012
       20015
       20018
       20026
       20029
       20035
       20040
       20042
       20050
       20056
       20061
       20066
       20068
       20073
       20079
       20082
       20084
       20090
       20093
       20098
       20103
       20107
       20115
       20118
       20124
       20129
       20135
       20138
       20144
       20151
       20157
       20160
       20163
       20170
       20177
       20182
       20186
       20190
       20196
       20203
       20205
       20208
       20213
       20216
       20219
       20221
       20229
       20232
       20236
       20242
       20250
       20252
       20255
       20258
       20263
       20270
       20273
       20278
       20280
       20286
       20287
       20294
       20300
       20306
       20313
       20316
       20322
       20326
       20330
       20337
       20342
       20346
       20352
       20353
       20358
       20361
       20366
       20371
       20374
       20378
       20383
       20387
       20395
       20402
       20407
       20412
       20417
       20422
       20428
       20431
       20435
       20437
       20439
       20442
       20449
       20453
       20460
       20462
       20467
       20474
       20475
       20480
       20483
       20487
       20490
       20494
       20500
       20503
       20506
       20509
       20514
       20516
       20523
       20529
       20534
       20538
       20543
       20546
       20551
       20552
       20555
       20557
       20562
       20565
       20566
       20567
       20570
       20576
       20579
       20587
       20590
       20592
       20599
       20601
       20602
       20608
       20610
       20617
       20620
       20624
       20626
       20628
       20630
       20635
       20638
       20640
       20644
       20650
       20651
       20657
       20663
       20665
       20671
       20678
       20681
       20683
       20685
       20692
       20696
       20700
       20706
       20711
       20717
       20720
       20725
       20728
       20729
       20731
       20736
       20739
       20746
       20751
       20757
       20761
       20763
       20766
       20771
       20778
       20782
       20786
       20792
       20795
       20799
       20801
       20806
       20812
       20815
       20821
       20826
       20832
       20834
       20837
       20838
       20843
       20848
       20852
       20855
       20859
       20864
       20865
       20870
       20873
       20878
       20881
       20885
       20886
       20894
       20899
       20900
       20904
       20906
       20909
       20911
       20914
       20915
       20916
       20917
       20918
       20922
       20924
       20926
       20929
       20933
       20935
       20940
       20943
       20944
       20949
       20950
       20952
       20954
       20955
       20956
       20958
       20959
       20960
       20961
       20963
       20965
       20968
       20972
       20978
       20982
       20983
       20987
       20988
       20991
       20994
       20995
       20998
       21005
       21006
       21009
       21018
       21021
       21024
       21028
       21032
       21035
       21039
       21042
       21044
       21047
       21049
       21055
       21057
       21058
       21061
       21063
       21066
       21071
       21074
       21076
       21078
       21080
       21084
       21086
       21087
       21090
       21092
       21093
       21097
       21098
       21102
       21104
       21107
       21109
       21113
       21116
       21122
       21128
       21130
       21131
       21133
       21134
       21135
       21139
       21141
       21142
       21148
       21151
       21155
       21161
       21164
       21170
       21173
       21175
       21176
       21184
       21189
       21194
       21197
       21201
       21204
       21208
       21211
       21215
       21219
       21223
       21226
       21232
       21235
       21237
       21243
       21248
       21251
       21254
       21258
       21263
       21268
       21271
       21276
       21282
       21284
       21289
       21293
       21297
       21301
       21304
       21309
       21312
       21321
       21328
       21333
       21336
       21339
       21343
       21349
       21353
       21359
       21361
       21364
       21370
       21373
       21379
       21386
       21391
       21397
       21400
       21404
       21410
       21413
       21419
       21423
       21429
       21434
       21441
       21445
       21452
       21458
       21463
       21468
       21474
       21480
       21483
       21488
       21491
       21497
       21499
       21502
       21506
       21512
       21519
       21522
       21526
       21530
       21534
       21537
       21542
       21544
       21548
       21553
       21554
       21559
       21562
       21571
       21576
       21579
       21585
       21588
       21594
       21599
       21603
       21605
       21609
       21612
       21619
       21625
       21628
       21634
       21636
       21639
       21644
       21647
       21649
       21654
       21660
       21663
       21665
       21669
       21672
       21676
       21683
       21684
       21686
       21689
       21696
       21701
       21707
       21708
       21715
       21716
       21717
       21721
       21722
       21729
       21734
       21737
       21740
       21744
       21748
       21753
       21759
       21763
       21769
       21775
       21777
       21785
       21789
       21792
       21793
       21798
       21801
       21803
       21807
       21812
       21814
       21819
       21825
       21830
       21833
       21835
       21843
       21848
       21853
       21859
       21861
       21867
       21872
       21877
       21880
       21887
       21891
       21898
       21902
       21909
       21911
       21915
       21922
       21924
       21927
       21929
       21932
       21936
       21938
       21941
       21944
       21949
       21954
       21959
       21964
       21969
       21971
       21975
       21978
       21984
       21987
       21992
       21996
       22002
       22003
       22012
       22018
       22024
       22029
       22034
       22037
       22042
       22049
       22051
       22058
       22065
       22070
       22074
       22077
       22083
       22086
       22087
       22088
       22089
       22091
       22092
       22095
       22098
       22100
       22102
       22106
       22108
       22109
       22110
       22111
       22113
       22117
       22124
       22126
       22130
       22132
       22139
       22142
       22145
       22150
       22156
       22160
       22162
       22170
       22173
       22176
       22178
       22179
       22187
       22189
       22190
       22192
       22194
       22203
       22209
       22212
       22218
       22220
       22221
       22229
       22231
       22238
       22241
       22248
       22251
       22255
       22260
       22264
       22271
       22272
       22273
       22276
       22277
       22282
       22284
       22286
       22291
       22298
       22303
       22305
       22309
       22315
       22320
       22325
       22329
       22337
       22341
       22345
       22349
       22350
       22358
       22362
       22363
       22368
       22372
       22377
       22378
       22382
       22389
       22392
       22397
       22405
       22410
       22412
       22420
       22427
       22431
       22437
       22442
       22446
       22447
       22452
       22457
       22461
       22466
       22472
       22474
       22478
       22482
       22489
       22494
       22499
       22502
       22505
       22508
       22516
       22523
       22528
       22534
       22537
       22543
       22549
       22553
       22559
       22561
       22565
       22571
       22576
       22579
       22580
       22584
       22586
       22591
       22596
       22602
       22609
       22613
       22618
       22623
       22630
       22636
       22641
       22645
       22648
       22651
       22654
       22657
       22660
       22663
       22668
       22670
       22674
       22681
       22684
       22688
       22695
       22699
       22701
       22708
       22712
       22716
       22719
       22724
       22730
       22733
       22736
       22741
       22745
       22746
       22748
       22756
       22757
       22761
       22766
       22769
       22774
       22775
       22778
       22785
       22786
       22787
       22792
       22797
       22799
       22806
       22809
       22811
       22812
       22815
       22816
       22819
       22821
       22827
       22828
       22829
       22830
       22835
       22837
       22839
       22845
       22848
       22855
       22859
       22862
       22869
       22871
       22878
       22881
       22885
       22889
       22891
       22894
       22898
       22906
       22909
       22911
       22916
       22923
       22924
       22930
       22933
       22934
       22935
       22939
       22947
       22952
       22955
       22957
       22961
       22964
       22971
       22974
       22975
       22981
       22984
       22987
       22990
       22993
       23001
       23005
       23010
       23013
       23018
       23019
       23022
       23023
       23027
       23029
       23031
       23037
       23041
       23045
       23051
       23053
       23057
       23060
       23061
       23062
       23064
       23066
       23068
       23072
       23077
       23082
       23084
       23091
       23095
       23100
       23105
       23111
       23115
       23121
       23128
       23133
       23138
       23139
       23145
       23150
       23156
       23163
       23167
       23171
       23179
       23184
       23185
       23186
       23191
       23194
       23200
       23202
       23205
       23210
       23212
       23217
       23220
       23228
       23232
       23234
       23239
       23246
       23247
       23249
       23251
       23253
       23254
       23255
       23258
       23259
       23260
       23262
       23268
       23271
       23277
       23281
       23287
       23292
       23296
       23303
       23306
       23311
       23315
       23322
       23326
       23334
       23338
       23342
       23343
       23350
       23355
       23357
       23363
       23367
       23373
       23380
       23383
       23387
       23389
       23394
       23398
       23400
       23405
       23407
       23411
       23415
       23417
       23422
       23425
       23429
       23433
       23438
       23443
       23448
       23450
       23452
       23457
       23460
       23464
       23465
       23468
       23470
       23472
       23474
       23476
       23479
       23482
       23485
       23487
       23489
       23492
       23495
       23498
       23503
       23507
       23511
       23518
       23521
       23524
       23528
       23530
       23535
       23541
       23544
       23547
       23552
       23558
       23561
       23564
       23571
       23574
       23577
       23581
       23588
       23594
       23597
       23599
       23602
       23609
       23612
       23616
       23619
       23620
       23623
       23628
       23632
       23639
       23644
       23647
       23654
       23660
       23664
       23667
       23671
       23676
       23682
       23683
       23687
       23692
       23697
       23701
       23705
       23708
       23712
       23716
       23722
       23725
       23728
       23731
       23733
       23735
       23740
       23743
       23745
       23748
       23753
       23756
       23760
       23763
       23766
       23769
       23770
       23771
       23774
       23777
       23780
       23783
       23785
       23787
       23789
       23791
       23792
       23794
       23798
       23804
       23809
       23812
       23818
       23819
       23822
       23824
       23826
       23828
       23834
       23839
       23841
       23847
       23850
       23853
       23856
       23859
       23861
       23864
       23867
       23869
       23870
       23872
       23873
       23875
       23876
       23877
       23879
       23882
       23886
       23893
       23896
       23900
       23904
       23906
       23909
       23912
       23913
       23916
       23919
       23920
       23923
       23924
       23926
       23929
       23931
       23932
       23934
       23936
       23937
       23938
       23939
       23941
       23942
       23943
       23944
       23945
       23946
       23947
       23949
       23950
       23951
       23953
       23954
       23955
       23957
       23958
       23959
       23961
       23962
       23963
       23964
       23968
       23969
       23972
       23976
       23979
       23982
       23984
       23985
       23988
       23992
       23993
       23995
       23997
       23998
